% # columns="iteration, evaluation, sigma, axis ratio, bestever, best, median, worst objective function value, further objective values of best", seed=215255, Mon Feb 22 01:50:29 2016
1 9 0.459645194075 1.00004285806 667.97541406 6.6797541405954041e+02 10000.0 22408.467823   
2 18 0.423930105572 1.15861207288 461.637291656 4.6163729165635112e+02 4410.17879919 10000.0   
3 27 0.476017647545 1.18227087751 461.637291656 8.6379982877271300e+02 8791.02461909 14222.9627465   
4 36 0.441356736168 1.42187314408 461.637291656 5.0896694748297807e+02 1443.64845809 10000.0   
5 45 0.390082901376 1.43514173022 461.637291656 6.0168118480709643e+02 6884.25620415 43501.6864438   
6 54 0.354305309374 1.52427127788 376.406380318 3.7640638031808390e+02 972.275164344 7069.74148812   
7 63 0.336991522097 1.5980941121 299.453388782 2.9945338878170588e+02 1988.32397146 10000.0   
8 72 0.301415881844 1.68752212868 299.453388782 3.0906136961550243e+02 1957.72619522 10000.0   
9 81 0.273086143315 1.70744510049 299.453388782 3.8332223881221648e+02 978.677221118 10000.0   
10 90 0.244179563677 1.79577722682 299.453388782 3.2714752734697061e+02 471.520430535 10000.0   
11 99 0.245119805042 1.93211919301 299.453388782 3.3831141596110780e+02 624.453941856 1859.55686337   
12 108 0.22465170346 2.30539786046 299.453388782 3.7766096838718647e+02 512.361590263 2415.36436155   
13 117 0.201002916258 2.43516945256 299.453388782 3.9395425056994526e+02 644.140644939 10000.0   
14 126 0.198655588616 2.50173524623 299.453388782 4.1127353410500007e+02 549.162793358 2146.57286629   
15 135 0.19783245368 2.63451932558 299.453388782 4.0752793076995511e+02 501.71677958 1337.35880525   
16 144 0.190199257194 2.87395650044 299.453388782 3.6978146128994388e+02 608.725926394 10000.0   
17 153 0.203996068754 2.97573418744 299.453388782 3.3660080868125755e+02 536.962013963 10000.0   
18 162 0.232289883997 3.02704122631 299.453388782 3.0308631456185412e+02 351.548772821 10000.0   
19 171 0.24327263037 3.02742208332 299.043151516 2.9904315151604294e+02 572.255504642 752.491003681   
20 180 0.243105033373 3.13043874609 299.043151516 3.2006053791239185e+02 476.584380873 1079.00798327   
21 189 0.245251108964 3.37564736671 283.964655495 2.8396465549515125e+02 390.41954009 904.36224756   
22 198 0.221838125535 3.52645375311 283.964655495 3.0138856510672815e+02 547.344345308 10000.0   
23 207 0.218212637849 3.74539837667 283.964655495 3.0926049902739652e+02 418.309149024 1856.65584349   
24 216 0.215243236076 4.20751028336 262.203373096 2.6220337309646726e+02 366.650723388 1180.0838049   
25 225 0.212312942458 4.50325441984 262.203373096 2.6705372806179173e+02 365.282458539 889.245810025   
26 234 0.208977889608 4.78293102948 244.596089921 2.4459608992131496e+02 358.388731208 566.415729336   
27 243 0.193276575636 5.12212289682 244.596089921 2.4798254666631095e+02 301.018809388 472.413585573   
28 252 0.192312525024 5.22196756291 244.596089921 2.4906091654637416e+02 297.7848404 489.55192864   
29 261 0.201622905759 5.25379656192 210.035330877 2.1003533087653597e+02 301.690732972 438.202017207   
30 270 0.20421782856 6.18565642598 210.035330877 2.1954253919692727e+02 295.790644246 488.860811808   
31 279 0.186230804439 6.88743468552 210.035330877 2.2831981797957246e+02 288.434639921 381.470302012   
32 288 0.177273902186 7.47822490364 210.035330877 2.3412742950859706e+02 293.80771519 461.272597871   
33 297 0.161085962531 7.65568248331 210.035330877 2.2648564107132987e+02 239.379103356 427.378410303   
34 306 0.190949136259 7.81074268212 210.035330877 2.1398566786558271e+02 248.301138804 328.372296132   
35 315 0.207463086485 9.08741823251 210.035330877 2.2734308550226496e+02 385.19148914 502.604301343   
36 324 0.236434722863 10.0667869035 210.035330877 2.3329536085701596e+02 259.248065558 411.74938939   
37 333 0.230424299311 10.4656296293 210.035330877 2.1860184416065300e+02 251.538545244 374.659044449   
38 342 0.242217597576 10.5007438198 205.853036728 2.0585303672802385e+02 239.672102038 300.007113296   
39 351 0.245723304778 11.1970697053 178.588503671 1.7858850367125672e+02 233.729010801 304.910414902   
40 360 0.231555747356 11.3803118713 178.588503671 1.8422383842205517e+02 227.312502267 493.507683156   
41 369 0.256760695734 11.940151841 168.144776355 1.6814477635541402e+02 218.428387875 308.558981342   
42 378 0.282642534572 13.1234599665 159.268354762 1.5926835476150504e+02 224.743857396 10000.0   
43 387 0.323660452866 14.0041910478 131.504182686 1.3150418268601993e+02 204.880662485 278.214394097   
44 396 0.351785631782 15.9708772952 107.849600435 1.0784960043522564e+02 224.70510703 10000.0   
45 405 0.319923541729 16.3756983506 107.849600435 1.6358841934453295e+02 331.725140238 454.383733103   
46 414 0.328024494327 17.7045481388 107.849600435 1.5903946668031531e+02 224.464753917 347.119725487   
47 423 0.307558125241 18.10374217 107.849600435 1.9928770948719509e+02 302.022192452 501.931864407   
48 432 0.282183243072 17.8828452652 107.849600435 1.3896369136016463e+02 200.893569086 753.529027702   
49 441 0.285848728289 18.2341900478 107.849600435 1.2238624566520910e+02 172.802991685 328.99765198   
50 450 0.286638978458 20.1317139446 107.849600435 1.2005295394186614e+02 176.306916962 210.699705975   
51 459 0.2612506619 19.7402881798 107.849600435 1.1862633793076439e+02 190.60735275 10000.0   
52 468 0.269093721567 20.0752469614 107.849600435 1.2407198512071807e+02 163.276517078 373.287863877   
53 477 0.246458451943 20.0894303288 107.849600435 1.1784757428810610e+02 143.597586245 215.098978457   
54 486 0.247015659803 20.3806692035 90.6992659025 9.0699265902536666e+01 163.234979349 304.751006974   
55 495 0.218216399347 22.382691466 90.6992659025 1.1016311592839151e+02 164.870442114 300.878378815   
56 504 0.224354932801 22.5033015189 83.0679568508 8.3067956850763551e+01 116.838449272 175.929534785   
57 513 0.211910053206 25.2728467489 83.0679568508 8.6797360142231057e+01 113.119670253 10000.0   
58 522 0.213287924684 26.1162234956 76.0179191339 7.6017919133946123e+01 103.811732422 138.509385644   
59 531 0.201468441927 28.6926129281 76.0179191339 8.2403711198947292e+01 106.60928034 182.017514128   
60 540 0.192628747893 29.3217491009 76.0179191339 8.1171246384309356e+01 100.29113884 131.94906729   
61 549 0.185300452072 29.4594838737 71.8461620176 7.1846162017559578e+01 93.5483885715 10000.0   
62 558 0.190169337771 31.1446961139 63.4366647112 6.3436664711222598e+01 85.5639285074 10000.0   
63 567 0.17717518986 34.2916234678 63.4366647112 6.7453304406188650e+01 84.8321420508 111.085812464   
64 576 0.182676285833 34.6694579334 62.3832120281 6.2383212028062083e+01 76.9763183682 10000.0   
65 585 0.205404026559 36.2745415545 56.2477077489 5.6247707748947356e+01 69.6166612934 10000.0   
66 594 0.227890693142 42.5637195025 52.9920029761 5.2992002976140689e+01 64.576445161 10000.0   
67 603 0.216231539731 45.4002199855 52.9920029761 7.5023276628588931e+01 90.8102777054 10000.0   
68 612 0.223934022772 46.0693394238 52.9920029761 6.5341835462049275e+01 88.7357029137 211.869939365   
69 621 0.22404308611 47.4845164972 52.9920029761 6.5583927465852256e+01 75.6550749092 151.422919504   
70 630 0.213315643653 47.5768525321 52.9920029761 6.1615326872161440e+01 65.7370961857 121.663172904   
71 639 0.210935158267 47.6115630657 52.9920029761 5.7946589426761172e+01 73.0217158698 123.217938137   
72 648 0.210355605396 48.4413883123 51.3033293617 5.1303329361689450e+01 71.7380617387 129.724169734   
73 657 0.256500878475 47.7691893627 51.3033293617 5.1352332101760084e+01 68.5846389063 104.3987532   
74 666 0.332965158377 47.6042884767 51.3033293617 5.3856069849452702e+01 76.6762995737 123.334504191   
75 675 0.354086093171 46.8702184863 51.3033293617 7.4428159761260432e+01 86.9277921844 179.87921082   
76 684 0.393124515239 50.5611280473 51.3033293617 5.8833120394228708e+01 93.1284725965 282.793564539   
77 693 0.396731880145 52.86301997 51.3033293617 5.4931019682481242e+01 109.429692318 10000.0   
78 702 0.410312758255 52.6679086141 46.754193671 4.6754193671018648e+01 73.0432228534 165.611377311   
79 711 0.429608480786 54.4029996 46.754193671 4.9516958574662063e+01 78.0943340316 10000.0   
80 720 0.424200333308 60.7045251989 46.754193671 5.0452823790937266e+01 69.4009595465 10000.0   
81 729 0.419715597026 60.9291304198 46.754193671 5.2963247756379836e+01 67.9885858473 151.752507529   
1 748 0.475228374268 1.00004285806 307.656327672 3.0765632767219631e+02 5196.03538092 19792.2206193   
2 766 0.429781785911 1.22570431853 307.656327672 7.1040007648844892e+02 4239.40520491 34218.5610695   
3 784 0.386286750429 1.43307576968 307.656327672 3.3486240071056250e+02 4675.56913928 15033.3510227   
4 802 0.32221477314 1.57003406276 307.656327672 4.2802514792087788e+02 2840.27295339 14481.8714659   
5 820 0.268172730479 1.75046058853 307.656327672 5.2418535967528976e+02 1647.1814883 10000.0   
6 838 0.279646821008 1.80261921528 307.656327672 3.2411041599791571e+02 953.429108788 5381.53535461   
7 856 0.278392603744 1.97948085506 294.020280381 2.9402028038130146e+02 811.735491791 10000.0   
8 874 0.296211987883 2.19539513001 253.844476383 2.5384447638283581e+02 794.648499914 1744.20436727   
9 892 0.298218743395 2.7443665577 253.844476383 2.7511753526978180e+02 785.919626002 10000.0   
10 910 0.279667223548 3.21035075954 239.15425034 2.3915425033992722e+02 853.250435966 2371.75624483   
11 928 0.221427850013 3.49579379435 239.15425034 3.3104960040890603e+02 496.22019723 2360.0188716   
12 946 0.250171861985 3.91503398463 239.15425034 2.6624456901339136e+02 395.566279217 1675.61097616   
13 964 0.266476443457 4.48186243794 239.15425034 2.4466698465218136e+02 383.944786999 1746.49151069   
14 982 0.248697972273 4.91779056603 239.15425034 2.5963733881443329e+02 439.952325479 1475.91707742   
15 1000 0.269618290236 5.62326694084 239.15425034 2.4072746230655608e+02 370.909586947 565.149813731   
16 1018 0.288576339687 7.10531365985 189.950089736 1.8995008973561778e+02 356.175751611 719.656588969   
17 1036 0.263892313434 8.03550268869 189.950089736 2.0690508077426736e+02 311.515064839 765.174514998   
18 1054 0.276082664142 8.58653586481 189.950089736 1.9546004817194068e+02 284.036594594 10000.0   
19 1072 0.27586454804 9.88153883334 180.281969333 1.8028196933318159e+02 250.090114905 404.294123252   
20 1090 0.267792856499 10.5497142242 172.02111525 1.7202111524968151e+02 256.864744199 534.841053349   
21 1108 0.285596626587 11.0847762967 157.234737746 1.5723473774568598e+02 254.151632936 671.184478657   
22 1126 0.361677015547 13.2219025733 149.245129516 1.4924512951624925e+02 193.133861939 421.181275951   
23 1144 0.439994764475 14.3891262197 111.089881899 1.1108988189886726e+02 255.332063759 1049.73708478   
24 1162 0.471765120877 17.2592891811 87.0116549179 8.7011654917865300e+01 282.04816626 602.215134581   
25 1180 0.478398290921 19.6680716131 87.0116549179 9.3265956238052098e+01 219.868901465 5574.8518721   
26 1198 0.37984497985 21.1392738707 87.0116549179 1.3726228455319057e+02 269.038101228 1732.13337184   
27 1216 0.321651720479 21.884937134 74.8111139203 7.4811113920292328e+01 159.348186937 499.440108453   
28 1234 0.298549153518 22.4258601596 74.8111139203 7.6382192293533834e+01 175.130749224 339.858921781   
29 1252 0.269917097855 23.9443501794 74.8111139203 8.7266781320818708e+01 163.861786391 349.617054486   
30 1270 0.26081161161 24.9973412281 73.6631351032 7.3663135103184132e+01 109.125248918 166.641383443   
31 1288 0.277669310258 26.0362707941 73.3162674082 7.3316267408198229e+01 94.4306204523 333.702065174   
32 1306 0.30197598928 29.6921992736 54.060767455 5.4060767455023637e+01 96.7787594694 173.713836198   
33 1324 0.296914544165 33.4118219034 51.9761174658 5.1976117465758996e+01 97.8861477903 409.215039221   
34 1342 0.293063633439 35.3994342813 51.9761174658 5.4601513274174920e+01 98.1779594447 327.165198479   
35 1360 0.325312551655 36.8002166713 42.3798531308 4.2379853130780241e+01 84.8826483212 177.06730541   
36 1378 0.360060204844 41.2901325693 42.3798531308 4.3789704280316890e+01 87.9356927388 341.94874576   
37 1396 0.366658095994 51.6794868793 42.3798531308 4.4354821560834218e+01 73.8436465975 inf   
38 1414 0.357363164333 53.6955093724 42.3798531308 5.0322671122212441e+01 121.081342501 1.4165602364e+281   
39 1432 0.355427634734 56.4632527683 41.3608412686 4.1360841268627972e+01 77.1664372112 207.830971588   
40 1450 0.350613607425 58.5858070262 41.3608412686 4.2670259555467091e+01 64.4379418473 401.398678012   
41 1468 0.300878522577 63.747092454 41.3608412686 4.5190590737244086e+01 72.8499029223 225.731285474   
42 1486 0.261089344861 63.2949122466 40.9636454583 4.0963645458310843e+01 63.9610539706 110.40227884   
43 1504 0.233196407711 61.7272645875 40.8327438087 4.0832743808742286e+01 53.0374335448 114.788768407   
1 1517 0.290562650101 1.00004285806 696.380524325 6.9638052432531879e+02 2848.27040732 10093.2591063   
2 1529 0.281763714324 1.19376975134 440.033906156 4.4003390615618849e+02 1613.70234934 6936.42590854   
3 1541 0.245963320251 1.24017623265 289.624178634 2.8962417863448604e+02 3005.05761569 10000.0   
4 1553 0.247321740123 1.32399164061 264.438865546 2.6443886554644888e+02 2102.30961842 10000.0   
5 1565 0.230072765197 1.40470291992 264.438865546 5.2905541437649549e+02 1311.6236307 10000.0   
6 1577 0.226603141746 1.49909066338 264.438865546 3.0530530252833739e+02 839.103567681 10000.0   
7 1589 0.21501417556 1.58879627556 264.438865546 3.3127276451932579e+02 711.906703731 10000.0   
8 1601 0.197160373333 1.69807147425 264.438865546 2.7168721009638551e+02 514.115683506 10000.0   
9 1613 0.189010550778 1.77337753931 264.438865546 2.9896728273291313e+02 651.723415675 10000.0   
10 1625 0.177074545009 1.77627638717 264.438865546 3.0325188943864799e+02 459.732543034 1103.17773752   
11 1637 0.158650205407 1.8416938689 256.922126527 2.5692212652749311e+02 442.178951565 2556.22173868   
12 1649 0.147399251174 1.94786110867 256.922126527 2.6464720742814637e+02 339.437984243 796.469337058   
13 1661 0.122568255178 2.03604171331 250.210204618 2.5021020461751959e+02 321.571583419 667.878813274   
14 1673 0.106876624938 2.0994219649 250.210204618 2.5265858859845693e+02 294.642595552 459.426396973   
15 1685 0.102360127205 2.2890012003 250.210204618 2.5837790939954346e+02 311.183749211 490.899253929   
16 1697 0.107119761754 2.56957411947 247.481197604 2.4748119760440176e+02 278.672419093 583.331404614   
17 1709 0.143240093924 2.91527689991 233.074730714 2.3307473071402231e+02 261.411919395 302.755555648   
18 1721 0.159703109401 3.28560708733 233.074730714 2.3668207477845743e+02 283.517792776 450.034157906   
19 1733 0.164409827627 3.36841919392 233.074730714 2.4277598124592583e+02 293.698031681 761.424098717   
20 1745 0.163685482575 3.71130699955 233.074730714 2.4272235576187677e+02 337.061146409 629.712047373   
21 1757 0.172420605154 3.88772768254 221.19763032 2.2119763032016499e+02 307.657718149 793.848889891   
22 1769 0.183647959023 4.68748557627 221.19763032 2.3985998605952480e+02 380.656606674 597.307104166   
23 1781 0.188742767873 5.81894262396 221.19763032 2.2745463669632798e+02 309.420774629 412.328770545   
24 1793 0.198031438125 6.45967593553 189.298427383 1.8929842738346673e+02 237.271462283 624.893403277   
25 1805 0.24912315988 6.48575268269 163.56684062 1.6356684061996998e+02 219.185636642 346.069706871   
26 1817 0.277577071827 6.98085322877 154.715661263 1.5471566126339647e+02 324.661540924 663.18660082   
27 1829 0.292605089281 7.68982284423 154.715661263 1.6831347244920818e+02 360.188449571 431.872876604   
28 1841 0.286754105866 8.12847108318 154.715661263 1.5895994007139348e+02 335.736011833 886.477085628   
29 1853 0.269667449942 8.52996351377 154.715661263 1.5802965159365272e+02 215.091237349 377.725239152   
30 1865 0.245458117728 8.18323194585 154.715661263 1.5622547869177515e+02 273.76956237 448.904978498   
31 1877 0.236146130499 8.47292245815 143.081589693 1.4308158969322818e+02 288.422767951 474.928068585   
32 1889 0.256854337187 8.83335974741 143.081589693 1.5425270480987041e+02 197.154608586 440.848937321   
33 1901 0.26805739717 9.04963403675 127.710871859 1.2771087185949857e+02 201.395063424 291.760048169   
1 1938 0.417653551875 1.00004285806 326.042592394 3.2604259239434782e+02 10000.0 27961.4426562   
2 1974 0.364946506755 1.3034433428 326.042592394 3.9036744281779562e+02 3064.0838273 15845.1147197   
3 2010 0.34171526469 1.46137265253 326.042592394 3.7467915320600429e+02 1814.78332997 10000.0   
4 2046 0.410441536607 1.65701851859 321.716385046 3.2171638504605988e+02 1152.05006738 10000.0   
5 2082 0.451000389672 2.02369886175 265.269353158 2.6526935315826330e+02 1756.20908703 10000.0   
6 2118 0.452711306839 2.24575165948 265.269353158 3.0186482056077358e+02 1472.7164697 10000.0   
7 2154 0.486108416725 2.80781686529 233.086505061 2.3308650506065302e+02 1038.73231808 10000.0   
8 2190 0.49189262416 3.52104800897 233.086505061 2.4523121725392232e+02 941.281873664 10000.0   
9 2226 0.517383259662 4.51130775442 198.770033099 1.9877003309934233e+02 557.694304288 2083.56099802   
10 2262 0.465840930659 5.75334211419 196.642176399 1.9664217639894733e+02 561.110937273 10000.0   
11 2298 0.412213188845 6.54143873108 196.642176399 2.6135670971892819e+02 540.606202995 10000.0   
12 2334 0.376346640434 7.23221937708 196.642176399 2.1291070640576902e+02 384.259777053 10000.0   
13 2370 0.317775583235 9.46585600405 172.269263048 1.7226926304848041e+02 273.746570266 1007.08444026   
14 2406 0.334069013859 11.1584069487 161.774202582 1.6177420258212919e+02 268.770333032 537.374908691   
15 2442 0.407336560321 14.6008180313 143.831729898 1.4383172989843467e+02 227.481967049 483.823132674   
16 2478 0.464094315118 18.2962016916 136.724427484 1.3672442748445721e+02 237.227181477 449.766899689   
17 2514 0.527270093438 25.4530972912 132.742798302 1.3274279830219598e+02 225.409163237 1335.24265526   
18 2550 0.491360812705 28.1431669448 123.488413694 1.2348841369372759e+02 241.420419561 463.599880058   
19 2586 0.621976960375 33.7229156684 101.238986459 1.0123898645911017e+02 190.196145203 537.861198935   
20 2622 0.65462714126 34.544388365 94.0724648891 9.4072464889085197e+01 191.445918989 1530.85916397   
21 2658 0.826205097003 35.8935855126 58.5189907426 5.8518990742554607e+01 182.393050089 664.053875787   
22 2694 1.06950565985 39.6212774489 58.5189907426 6.1380632793651422e+01 204.967448369 1287.94217495   
23 2730 1.19170925771 44.8906318688 58.5189907426 6.4272984651610102e+01 260.156668845 1.76702927483e+201   
24 2766 1.13411397095 42.698428144 46.2245189983 4.6224518998338901e+01 237.93338568 2.66531391423e+153   
25 2802 1.10093078336 42.8279555167 46.2245189983 5.7515322758505455e+01 156.172389199 3473.83585708   
26 2838 1.09985453849 41.4972670229 46.2245189983 5.4062726038206513e+01 161.202131944 nan   
27 2874 1.09935241937 42.9275979639 40.176373045 4.0176373044990513e+01 165.593633936 677.124779292   
28 2910 1.06208459059 46.5664645494 40.176373045 4.9844365918034171e+01 205.539226037 nan   
29 2946 0.875815285467 45.9827513547 40.176373045 4.4503087010088549e+01 145.090360314 nan   
30 2982 0.798301304195 45.9665984481 40.176373045 4.8688021834705602e+01 90.1803661573 nan   
31 3018 0.693430091417 48.040924538 40.176373045 4.0348495039982247e+01 70.6724403737 140.771153642   
32 3054 0.686893877602 51.257989697 40.176373045 4.1645032172394032e+01 59.7447221545 inf   
33 3090 0.610922045057 50.3158086165 40.176373045 4.0681957400293122e+01 54.3684622921 217.93158915   
34 3126 0.592013157558 54.2243965386 40.0477654911 4.0047765491144609e+01 54.636457813 162.288626728   
35 3162 0.577220644466 61.8538075411 40.0477654911 4.0730569922854130e+01 46.2217197883 174.239652144   
36 3198 0.503821219716 75.8513803514 39.7090283217 3.9709028321730088e+01 47.6424700001 70.7856808706   
1 3226 0.0503682486276 1.00004285806 761.111068348 7.6111106834760790e+02 1200.07720656 1867.78977127   
2 3253 0.0721671622851 1.50910115432 479.685331133 4.7968533113260753e+02 948.318974758 1802.21934123   
3 3280 0.0987091230792 1.51816980016 433.892050688 4.3389205068824765e+02 600.75453514 1461.97623891   
4 3307 0.132835436134 1.55929609355 378.010305819 3.7801030581940552e+02 540.232329094 1734.01634337   
5 3334 0.1477725518 1.84394993279 356.058772951 3.5605877295114527e+02 680.327887063 10000.0   
6 3361 0.168899253003 1.93129552778 356.058772951 3.5679437482982570e+02 641.788045622 2712.92251904   
7 3388 0.159505899506 2.32110721522 290.832187623 2.9083218762317546e+02 581.318059298 10000.0   
8 3415 0.201436395858 2.3151946167 276.54003369 2.7654003369038543e+02 409.104628499 10000.0   
9 3442 0.199597522819 2.54655305646 265.787076217 2.6578707621704547e+02 523.991632236 10000.0   
10 3469 0.211882514141 2.76948796753 234.343170896 2.3434317089622644e+02 448.614227692 1988.53085795   
11 3496 0.250870784716 3.41276725733 234.343170896 2.3899968627057964e+02 401.15324264 10000.0   
12 3523 0.295947176883 3.91734910017 234.343170896 2.7202086720855510e+02 509.876397683 10000.0   
13 3550 0.313601281855 4.3246089889 234.343170896 2.7110742226984689e+02 759.584146557 10000.0   
14 3577 0.329738706287 4.78208417267 230.140561469 2.3014056146906813e+02 373.336024152 10000.0   
15 3604 0.387199378747 5.59712005597 207.226352075 2.0722635207451486e+02 392.947643987 3418.18259027   
16 3631 0.39507107742 6.41098049504 207.226352075 2.2940530376753114e+02 448.181435042 10000.0   
17 3658 0.431956445612 7.34527207375 206.717293978 2.0671729397844535e+02 459.750613374 10000.0   
18 3685 0.374910412715 8.41579272557 197.724472311 1.9772447231073454e+02 360.626821363 1376.32207707   
19 3712 0.360486604769 8.54016927105 167.921929062 1.6792192906202988e+02 302.384369765 736.894027429   
20 3739 0.339479605813 9.96115293419 167.921929062 1.8690677350536450e+02 333.488376375 661.890513191   
21 3766 0.372487829361 10.0154677716 159.16685797 1.5916685796990586e+02 229.393207289 10000.0   
22 3793 0.419933495722 12.6488057446 136.457178151 1.3645717815102199e+02 225.897414961 10000.0   
23 3820 0.504991956525 15.2924636418 127.227783904 1.2722778390390246e+02 263.365831159 10000.0   
24 3847 0.496191774816 18.1183037967 127.227783904 1.4677279156396605e+02 256.833122072 10000.0   
25 3874 0.522937557106 20.5803481098 97.9433427896 9.7943342789552659e+01 245.757091189 463.742426039   
26 3901 0.545638346016 22.9955804643 94.0525198269 9.4052519826928432e+01 209.195112011 10000.0   
27 3928 0.571786558698 25.2573323855 94.0525198269 1.0072827124691318e+02 200.147712778 10000.0   
28 3955 0.547549109229 28.3918796663 71.5622558458 7.1562255845765975e+01 238.940131206 10000.0   
29 3982 0.62585885655 32.4898459705 58.2331898803 5.8233189880327153e+01 104.101099726 386.899308792   
30 4009 0.593039173458 37.708961352 58.2331898803 6.6972460768889974e+01 125.367762774 502.903286087   
31 4036 0.471441301108 40.326223781 58.2331898803 6.3074547341785312e+01 169.08724559 1322.89166979   
32 4063 0.484509818518 41.5017309918 54.1315501291 5.4131550129067577e+01 89.097794385 200.670959859   
33 4090 0.56769094026 41.8012496911 41.618172202 4.1618172201978624e+01 79.5248196895 469.543395094   
34 4117 0.539377257302 48.7703598782 41.618172202 4.7054078391553809e+01 102.293795515 463.299715577   
35 4144 0.626696587564 49.5925138186 41.618172202 4.3596767583977353e+01 66.5482810215 nan   
36 4171 0.592188167025 54.2862370552 41.618172202 4.5128035450379393e+01 97.9933287065 5.65032030947e+145   
37 4198 0.603956516058 55.2267154074 41.618172202 4.5615410965454942e+01 73.5507010396 129.485898375   
38 4225 0.556244762395 54.6635449408 41.618172202 4.8087953763739343e+01 88.2781777848 nan   
39 4252 0.562833266875 54.4047159805 41.618172202 4.1709260675772448e+01 69.0784084912 3.14253968343e+157   
1 4325 0.542826750103 1.00004285806 288.678544255 2.8867854425461911e+02 3622.90161224 55246.6381517   
2 4397 0.530776547511 1.6851249503 288.678544255 3.9552131114830900e+02 3059.00674112 16418.1499875   
3 4469 0.489901105404 2.51705747219 282.423957807 2.8242395780696819e+02 1820.52055283 17411.0008549   
4 4541 0.478740415985 3.83530296297 270.411541759 2.7041154175924652e+02 888.162555957 10000.0   
5 4613 0.444481086756 4.65347966222 270.411541759 3.0442756368470407e+02 645.0614696 10000.0   
6 4685 0.421548342413 6.81180445345 259.277572034 2.5927757203365212e+02 533.689082099 10000.0   
7 4757 0.437325183916 10.0778875602 231.765679299 2.3176567929929050e+02 394.856580447 1194.25409085   
8 4829 0.493662054187 13.7924883814 231.765679299 2.3599582535922980e+02 389.718224942 1052.89640266   
9 4901 0.552711871061 18.2674964547 205.240018687 2.0524001868669333e+02 344.309962053 10000.0   
10 4973 0.571877892554 24.0920024898 158.795521358 1.5879552135831642e+02 312.531744829 10000.0   
11 5045 0.716568874099 32.0620297848 138.136842147 1.3813684214709127e+02 279.418234856 10000.0   
12 5117 0.808710589147 35.3298247533 128.753515351 1.2875351535081239e+02 285.476321415 10000.0   
13 5189 1.02283811151 41.0811521015 88.7522699424 8.8752269942405050e+01 238.56820641 10000.0   
14 5261 1.22354203251 48.4648042211 83.241441007 8.3241441006963171e+01 284.8713577 10000.0   
15 5333 1.42147687663 49.4914656194 65.1779388653 6.5177938865319376e+01 239.01056798 10000.0   
16 5405 1.5013185007 49.1896330456 57.8660374901 5.7866037490147633e+01 245.297811067 10000.0   
17 5477 1.65204897914 53.3443556029 55.3315868997 5.5331586899716974e+01 294.089396358 10000.0   
18 5549 1.9298475094 64.5285236084 44.5359896614 4.4535989661433398e+01 218.360864042 10000.0   
19 5621 2.03968026157 70.0556406904 44.5359896614 5.4393588569181148e+01 251.800896689 inf   
20 5693 1.74999997942 70.9580934152 44.5359896614 5.3551130063124489e+01 331.326606016 nan   
21 5765 1.58778853894 76.0353631242 44.5359896614 4.5755454960073159e+01 104.068660229 nan   
22 5837 1.66062197385 84.6736675089 42.1644904936 4.2164490493563846e+01 84.1582779173 621.196519643   
23 5909 1.43985090457 103.151720999 42.1644904936 4.5746948587155181e+01 84.2510135878 10000.0   
24 5981 1.43674251382 127.416585063 40.4404167653 4.0440416765286194e+01 66.1606771992 6.81828454639e+214   
25 6053 1.52376628752 151.084118789 40.4404167653 4.0846867640484085e+01 54.3874833229 251.602035379   
26 6125 1.50557111979 179.524585788 40.4404167653 4.0810970618118240e+01 56.3800003537 2.33228524514e+227   
27 6197 1.42374422155 207.748508204 40.4404167653 4.2056648871683869e+01 49.4226283705 103.258329511   
1 6218 0.23499640418 1.00004285806 463.806629248 4.6380662924761828e+02 2385.79430865 10000.0   
2 6238 0.255975669156 1.16784683339 425.945143889 4.2594514388860682e+02 1004.78866412 10000.0   
3 6258 0.251114656569 1.47367378831 364.114574583 3.6411457458300481e+02 1829.82742543 10000.0   
4 6278 0.303612673774 1.55243854914 361.264261848 3.6126426184812959e+02 775.229091198 10000.0   
5 6298 0.325085202418 1.89641596946 316.964166086 3.1696416608645183e+02 1062.53721571 10000.0   
6 6318 0.378000400609 2.22978565253 316.964166086 3.3602308123955430e+02 1094.69807306 10032.3223964   
7 6338 0.397273823117 2.62599010424 311.336979251 3.1133697925077922e+02 717.357375388 10000.0   
8 6358 0.388980925036 2.96163458591 311.336979251 3.2380116157620381e+02 1428.73459205 7478.99428634   
9 6378 0.393104326851 3.49261521901 293.869435177 2.9386943517726149e+02 1230.87354338 3812.33067524   
10 6398 0.363866202045 4.04550429844 293.869435177 3.3113557826102385e+02 690.833028095 4757.18417123   
11 6418 0.347728997174 4.40716054843 293.869435177 3.1639689230075669e+02 743.385992233 3770.88408315   
12 6438 0.355309794094 4.79852413033 278.178136513 2.7817813651346853e+02 874.876406687 2817.32610295   
13 6458 0.36264170047 5.14394134598 261.460304928 2.6146030492793693e+02 507.804747765 1751.09857217   
14 6478 0.419631681104 5.88068321025 238.941250047 2.3894125004743481e+02 591.697999703 3087.34423606   
15 6498 0.431534192581 6.85566679641 238.941250047 2.4893417583902922e+02 437.091740257 1389.06284439   
16 6518 0.414494170605 7.66526006309 238.941250047 2.4997206727787332e+02 367.273786547 10000.0   
17 6538 0.429674060002 8.14373879747 238.941250047 2.5175409634758441e+02 398.104758193 1205.79109292   
18 6558 0.458494106531 8.75039751286 203.506664705 2.0350666470485132e+02 368.035183549 1471.90771353   
19 6578 0.491903648229 9.29231786793 192.165061047 1.9216506104734219e+02 458.784741351 10000.0   
20 6598 0.495511978991 9.965842001 192.165061047 2.2388413531007706e+02 388.30317435 2678.2313638   
21 6618 0.457963741668 11.5049420251 192.165061047 2.1222963158256775e+02 444.88914803 10000.0   
22 6638 0.425168997432 12.9551002135 192.165061047 2.1445221661765268e+02 394.976967781 708.542559741   
23 6658 0.44830942753 14.4198779425 187.647174538 1.8764717453828388e+02 328.789833493 10000.0   
24 6678 0.482771809763 15.959961411 187.647174538 1.8920769775559654e+02 294.481951619 583.873290745   
25 6698 0.498900494868 17.1165798879 187.647174538 1.9028245496214328e+02 351.613436565 10000.0   
26 6718 0.46519880057 18.0583536474 146.345239577 1.4634523957728544e+02 311.984998883 10000.0   
27 6738 0.500450130947 19.2307147345 130.527679546 1.3052767954603348e+02 339.861604052 10000.0   
28 6758 0.641947383951 20.3783422742 125.155899386 1.2515589938615879e+02 218.947888965 10000.0   
29 6778 0.694207669004 23.0977412253 96.2672582594 9.6267258259437824e+01 411.887794401 10000.0   
30 6798 0.777154135658 24.3821097734 96.2672582594 1.1226453936707678e+02 234.530377542 10000.0   
31 6818 0.824803596624 24.6023100974 96.2672582594 1.5183656723870720e+02 439.543748396 10000.0   
32 6838 0.746974283344 25.8465291543 96.2672582594 1.3678510023972882e+02 555.960357853 10000.0   
33 6858 0.684294417572 25.7777329003 96.2672582594 1.1457319257287065e+02 339.985219011 10000.0   
34 6878 0.826639946248 28.9863393628 78.1501186307 7.8150118630701328e+01 239.938966354 10000.0   
35 6898 0.789277881683 32.330593082 78.1501186307 1.1863705836515578e+02 531.380303073 10000.0   
36 6918 0.687789124216 33.7621834761 76.1907372103 7.6190737210317550e+01 315.79210336 1123.04142033   
37 6938 0.630510020763 34.9831260895 76.1907372103 8.6089685506891186e+01 308.311626833 10000.0   
38 6958 0.550393276406 35.2368173394 76.1907372103 8.0830996290284688e+01 174.871217214 10000.0   
39 6978 0.473599597696 33.7302736482 76.1907372103 8.2475537054306869e+01 166.157977037 10000.0   
40 6998 0.449469866024 35.6034265805 76.1907372103 7.7380994980626241e+01 112.241829448 10000.0   
41 7018 0.454955817903 36.5673444566 72.267081069 7.2267081068951981e+01 108.377441538 371.916636044   
42 7038 0.493523378678 36.3321624027 66.9148003819 6.6914800381941589e+01 103.073608256 10000.0   
43 7058 0.459962970302 35.9133943453 66.750803301 6.6750803301017925e+01 97.5307410361 10000.0   
44 7078 0.502529577122 37.9170380498 56.3691547048 5.6369154704799428e+01 121.11269947 10000.0   
45 7098 0.519376171726 41.0378756009 53.4507966913 5.3450796691287429e+01 76.5484446627 10000.0   
46 7118 0.533025903667 41.7841317321 51.0383982674 5.1038398267410180e+01 101.731700769 10000.0   
47 7138 0.56162431363 45.7473535676 51.0383982674 5.1882981009573875e+01 75.0177122711 218.338116766   
48 7158 0.551151039775 50.2499846605 48.9612210501 4.8961221050100804e+01 77.2071046586 10000.0   
49 7178 0.491270523106 55.6371561163 42.4197925768 4.2419792576818629e+01 90.851510998 10000.0   
50 7198 0.486064728244 58.7189787463 42.4197925768 4.7554728366585330e+01 61.0792412445 10000.0   
51 7218 0.429761056766 58.469566773 42.4197925768 4.4234532161940180e+01 67.4156029568 10000.0   
52 7238 0.4229669186 63.1278767591 42.4197925768 4.2515940785033948e+01 62.47012203 108.491787047   
1 7248 0.00605469506646 1.00004285806 1180.99537108 1.1809953710843299e+03 1268.02102655 1353.46657973   
2 7257 0.00715886138551 1.20999551916 1079.71996218 1.0797199621835066e+03 1209.46279022 1250.21648355   
3 7266 0.00935475708037 1.29988072165 982.084384107 9.8208438410744952e+02 1107.64734889 1239.5950326   
4 7275 0.0128069172635 1.36664829532 865.842621145 8.6584262114486262e+02 1029.97452361 1159.31929865   
5 7284 0.0181529950748 1.44279038442 762.93106786 7.6293106785992541e+02 919.867360014 1048.02336339   
6 7293 0.0245976987655 1.52821025734 643.340572564 6.4334057256416543e+02 796.06272646 953.970573267   
7 7302 0.03060238972 1.56157444791 585.053333564 5.8505333356398307e+02 767.686752119 941.250985759   
8 7311 0.0392560716679 1.54083843383 536.036641869 5.3603664186862488e+02 581.603943766 646.900151471   
9 7320 0.0453548501835 1.5690107279 483.145179604 4.8314517960387343e+02 579.806968057 733.847791355   
10 7329 0.0503285608929 1.50623437321 465.979982364 4.6597998236405522e+02 558.554062617 666.86992577   
11 7338 0.0571126645231 1.53261126267 417.170192348 4.1717019234840620e+02 491.511943619 528.165878845   
12 7347 0.0577619726535 1.5233068633 417.170192348 4.4147203911449577e+02 483.839393302 898.966920191   
13 7356 0.0668892954832 1.47366003391 401.607138723 4.0160713872343916e+02 439.962565508 1067.01566363   
14 7365 0.0690246907245 1.60246901726 401.607138723 4.0236064012904410e+02 444.252426772 716.670221812   
15 7374 0.0679217905144 1.60621074614 327.075044865 3.2707504486477904e+02 582.933262766 776.850171166   
16 7383 0.0679848032445 1.68057768558 327.075044865 3.6643812115102895e+02 434.864383172 863.72207346   
17 7392 0.0760514743213 1.7669858095 310.487398977 3.1048739897722930e+02 364.011837041 640.489740479   
18 7401 0.0827058780007 1.99885762093 310.487398977 3.1857413609979409e+02 386.202673691 580.065510525   
19 7410 0.0843196626878 2.07344159189 283.834843877 2.8383484387717891e+02 475.263466192 1060.61912207   
20 7419 0.0858280634546 2.085124964 283.834843877 2.9746145827098962e+02 461.071366281 953.232527732   
21 7428 0.0808484226404 2.1047803013 283.834843877 2.9280898007551963e+02 333.468784194 913.028852537   
22 7437 0.0685176455401 2.27767995548 283.834843877 3.0067856389501071e+02 336.734611556 542.65595262   
23 7446 0.0581933655974 2.42088154833 283.834843877 2.9178133411958760e+02 346.308126753 527.748185991   
24 7455 0.0595620120358 2.50243790574 283.834843877 2.8955833759265607e+02 316.50084879 481.410634847   
25 7464 0.0604345512339 2.60080589628 283.834843877 2.9423653893488978e+02 311.412304962 378.132363115   
26 7473 0.0560209048536 3.04642603925 283.834843877 2.8688160585464482e+02 322.544908564 374.612960126   
27 7482 0.0594860851204 3.16893973003 277.854656848 2.7785465684817609e+02 310.000335868 349.788672694   
28 7491 0.0569716438142 3.2054150415 277.854656848 2.9184196197907033e+02 311.781999887 378.575118332   
29 7500 0.0573875444789 3.39035536207 277.854656848 2.9027576558630994e+02 321.574036505 385.646285477   
30 7509 0.0594465002865 3.76696573783 277.854656848 2.9468612809846860e+02 314.815402416 382.779642391   
31 7518 0.062654764352 3.76291763129 277.854656848 2.8013100600782559e+02 291.592723245 388.967872542   
32 7527 0.0748744113632 4.04362908875 277.854656848 2.7969809645005370e+02 299.565898188 344.58807938   
33 7536 0.0892113121589 4.25887958967 277.854656848 2.8208918136855732e+02 298.698144795 339.485241497   
34 7545 0.0924629450288 4.31006126419 277.854656848 2.8232095563619413e+02 312.635635729 367.222785695   
35 7554 0.0969642996086 4.40544565412 259.296970933 2.5929697093282232e+02 299.471338377 385.345295248   
36 7563 0.0991167008725 4.44943617265 250.492762065 2.5049276206547106e+02 309.942305426 414.647009527   
37 7572 0.112337532958 4.4706203733 247.834601623 2.4783460162332102e+02 264.716418325 320.393611272   
38 7581 0.113278679402 5.11202522666 247.834601623 2.4983984172909840e+02 268.043870348 296.484399318   
39 7590 0.116541976689 5.37859229918 244.071877423 2.4407187742325104e+02 256.732567131 358.17741992   
40 7599 0.107723598323 5.72427932826 243.248761542 2.4324876154200638e+02 256.174049186 298.538857952   
41 7608 0.113504862871 6.11791813419 226.815866431 2.2681586643072521e+02 281.314600636 402.05704049   
42 7617 0.114486717434 6.68011565797 218.22010571 2.1822010570991912e+02 266.18628319 387.065619969   
43 7626 0.111636691661 7.27060208448 200.748918679 2.0074891867858992e+02 238.697788024 262.270426924   
44 7635 0.11117078067 7.45173265027 191.494240823 1.9149424082324606e+02 247.655057356 271.3303133   
45 7644 0.128746915956 8.1597009488 191.494240823 1.9573567544967449e+02 205.112539656 333.63297015   
46 7653 0.151748887803 9.10832619666 185.470564671 1.8547056467071019e+02 214.674934877 350.893571605   
47 7662 0.160579456897 10.9841094304 185.470564671 1.8876637295213325e+02 262.319139382 451.385737818   
48 7671 0.159474873889 11.7577925119 174.822389308 1.7482238930782725e+02 199.271558144 372.333529577   
49 7680 0.151377996658 12.1618370091 174.822389308 1.7900401168306405e+02 211.826546507 460.807311827   
50 7689 0.166013239034 12.3849826479 156.147132286 1.5614713228631439e+02 194.258550579 253.281983333   
51 7698 0.182119808699 13.4225413377 137.656169841 1.3765616984069567e+02 203.584187204 398.495012919   
52 7707 0.19369544034 15.7441737544 128.561045801 1.2856104580068097e+02 169.395842243 299.219381549   
53 7716 0.188282504944 17.0950704907 128.561045801 1.3168877098709353e+02 178.184422187 363.280359067   
54 7725 0.190919016372 17.5946101117 128.561045801 1.4472695891752727e+02 214.5927834 422.107492059   
55 7734 0.203601580813 17.2985741824 125.731364597 1.2573136459739007e+02 157.294634694 292.761313569   
56 7743 0.186126584168 17.7354082209 106.499712683 1.0649971268261181e+02 187.478232182 10000.0   
57 7752 0.187496931406 18.6365500373 106.499712683 1.4080240312292821e+02 148.759207734 176.55515361   
58 7761 0.199845141873 18.3661717722 85.5082134036 8.5508213403552560e+01 139.661815628 308.047200143   
59 7770 0.243297963916 20.7874473049 67.2823459453 6.7282345945341547e+01 118.098429935 249.309441996   
60 7779 0.268152930003 23.5017650256 66.9817550365 6.6981755036537507e+01 118.070346341 1202.81522846   
61 7788 0.255735290207 24.8558120233 66.9817550365 8.8829792539975429e+01 213.905896677 552.153076564   
62 7797 0.225274305746 25.2613094223 66.9817550365 8.6770700178053730e+01 134.413143806 234.173884659   
63 7806 0.224108553668 26.1031647522 66.9817550365 7.4448203547486742e+01 95.2919827737 226.015909744   
64 7815 0.2120855501 26.4913771857 66.9817550365 7.0048434839188005e+01 114.081839821 375.337730611   
65 7824 0.181934865422 25.8935167858 59.8284694107 5.9828469410713325e+01 111.565403036 175.676322213   
66 7833 0.169093145717 26.7842712305 59.8284694107 7.3320706105543778e+01 114.563453273 388.390573324   
67 7842 0.144498295426 26.6289475899 59.8284694107 7.3553078591216661e+01 119.613334104 216.750180252   
68 7851 0.131108838344 27.1575397171 58.8864677509 5.8886467750868157e+01 79.6384162281 143.261032317   
69 7860 0.13482517751 29.5025351578 51.8944614777 5.1894461477687599e+01 92.2434417655 134.538848895   
70 7869 0.145072359985 33.2435792094 50.252730633 5.0252730633028548e+01 70.2463832986 87.1565820226   
71 7878 0.14949746691 37.5637555797 49.8999005073 4.9899900507315081e+01 61.4902125362 93.4125949372   
72 7887 0.148197036544 40.7365304592 48.0485903643 4.8048590364275960e+01 59.8599750044 110.617437276   
73 7896 0.147185377313 43.554256054 45.6049140438 4.5604914043825211e+01 51.2868927121 116.478640255   
74 7905 0.141765456558 45.2364169999 45.6049140438 4.6037404380568013e+01 70.326774257 163.559586846   
75 7914 0.139658570337 44.9821750098 45.6049140438 4.5758098708782548e+01 59.4605350146 101.339485608   
76 7923 0.134714603671 43.0606122764 45.6049140438 4.7559464390306793e+01 67.4485904972 96.4400266323   
77 7932 0.125943854856 43.5536301764 45.6049140438 4.9800081359777657e+01 59.5299803303 78.1659165248   
78 7941 0.125907461566 46.1828823951 45.3802049605 4.5380204960519002e+01 51.8449073684 69.4434264942   
79 7950 0.126668740001 46.1277453229 45.3450615681 4.5345061568056138e+01 52.2517861581 100.53880312   
80 7959 0.124681278925 48.3969560432 41.4219323559 4.1421932355923452e+01 53.5619109148 179.221265252   
81 7968 0.12809425394 49.2343239616 40.3146738146 4.0314673814558340e+01 53.9380434154 87.7943274568   
82 7977 0.128604518452 54.9414171524 40.3146738146 4.0388005853749171e+01 47.4263772339 65.906636189   
83 7986 0.129519956997 57.5486159219 40.3146738146 4.1429018350365872e+01 46.5411951293 55.5770656996   
84 7995 0.112210607113 57.8592906835 40.3146738146 4.1102245688792266e+01 42.3579686981 70.6420299095   
85 8004 0.0984512329499 60.1372254396 40.3146738146 4.0832060247352722e+01 44.2568429379 59.6545672912   
86 8013 0.0889654633935 60.2632450332 40.3146738146 4.1729591709610851e+01 43.3510744256 56.9145360504   
87 8022 0.0971207702389 62.742727734 40.0961908252 4.0096190825179725e+01 43.6922661483 53.4764982486   
88 8031 0.0918809347032 61.752621 40.0961908252 4.1246855877119827e+01 44.2360165221 58.3182069253   
89 8040 0.0852197599105 61.8260034902 40.0961908252 4.0768368410742120e+01 43.5844813687 49.98950022   
90 8049 0.0755703614144 62.6757083637 39.9913280036 3.9991328003555843e+01 41.9065815333 46.8786855537   
1 8194 0.55993152586 1.00004285806 273.562682896 2.7356268289596591e+02 4970.55446098 42885.9974705   
2 8338 0.714877513648 2.13138456566 273.562682896 3.0937337565100654e+02 2676.82399954 19612.977964   
3 8482 0.827693917934 3.38570148829 244.425180141 2.4442518014118576e+02 1768.99111754 18778.0312964   
4 8626 0.920289385648 5.16901602881 212.92751863 2.1292751862970647e+02 1192.38324245 10000.0   
5 8770 1.03970614525 8.66708467054 158.814290902 1.5881429090157633e+02 793.469582926 10000.0   
6 8914 1.25548575739 13.546184929 146.63851189 1.4663851188964603e+02 617.15578749 10000.0   
7 9058 1.59911213096 21.7093831915 85.8090913565 8.5809091356473260e+01 496.517348311 10000.0   
8 9202 1.86803005299 31.228287728 72.6867475823 7.2686747582297642e+01 464.19670517 1816222.97068   
9 9346 1.93047699166 40.3202555064 65.3647797447 6.5364779744695440e+01 346.19322419 nan   
10 9490 2.08766054996 45.5543169194 59.5783238782 5.9578323878202667e+01 239.548555213 nan   
11 9634 2.13447260292 50.0270336527 41.1721463021 4.1172146302055751e+01 177.168725172 nan   
12 9778 2.0614193483 56.7353598956 41.1721463021 4.5591095434439673e+01 150.813246497 nan   
13 9922 2.09389405558 59.3772816483 41.1721463021 4.4132817794835937e+01 101.156313226 nan   
14 10066 2.26565995314 73.5527317979 41.1721463021 4.3292062098733126e+01 72.0322706527 nan   
15 10210 2.21905443539 106.128481327 41.1721463021 4.1638150927228622e+01 79.4923152944 nan   
16 10354 2.27298719743 132.517676941 41.1721463021 4.1767091459263234e+01 55.9718463513 nan   
17 10498 2.04551678227 168.587021904 41.1721463021 4.1530559552723126e+01 52.1099004441 4.32979306055e+305   
18 10642 1.95581026481 227.259563695 40.6758789094 4.0675878909435113e+01 46.2271278081 137.157945578   
