% # columns="iteration, evaluation, void, void, void, xmean", seed=215255, Mon Feb 22 01:50:29 2016 # scaling_of_variables: 0.00353 0.275 0.586 -0.32073734165 0.306796157577 0.0150170648464 0.150170648464, typical_x: 0
0 0 0 0.0 nan 1.0 10.0 10.0 5.0 1.0 10.0 0.5
1 9 0 0.0 nan 1.35121634741 9.97429858258 10.1797139624 4.85048259042 1.03455787415 9.73193405495 0.0546342020204
2 18 0 0.0 nan 1.44582703853 9.47710662231 10.0227416815 5.00102135095 1.01754598159 9.89551453304 0.195265278917
3 27 0 0.0 nan 0.988479275937 8.82181508871 9.59330558934 5.23286443471 1.05414095432 10.1528780924 0.233675020646
4 36 0 0.0 nan 0.855438900795 9.31172169365 9.68358769742 5.08005014222 0.610668178566 10.012309588 0.282542748561
5 45 0 0.0 nan 0.830237866284 9.19139296274 9.67795565953 5.03408884879 0.591139678177 10.0386177694 0.364273818422
6 54 0 0.0 nan 1.13155237542 9.00646073237 9.55248137993 5.16693997746 0.558010055428 10.0150171902 0.213682025426
7 63 0 0.0 nan 1.40045729305 9.04712698505 9.33964162392 5.07624859025 0.596956730759 10.0592111407 0.426690375617
8 72 0 0.0 nan 1.44562360621 9.08606135883 9.43671273154 5.11079491503 0.813503389646 9.90958681884 0.24848674331
9 81 0 0.0 nan 1.51945417791 9.08014375504 9.56924845622 4.97247002064 0.946579840772 9.93149328122 0.265877968402
10 90 0 0.0 nan 1.18356543993 9.11473034843 9.53217141759 5.04998793487 0.750036313756 10.1871268632 0.253330828736
11 99 0 0.0 nan 0.84221324684 8.88561520952 9.48484741143 5.08789595709 0.672585965768 10.3135117842 0.310167081028
12 108 0 0.0 nan 0.861096893015 9.01081195021 9.51941572615 5.04549383713 0.613949518439 10.3480112134 0.283615555143
13 117 0 0.0 nan 1.0015385999 8.98442877151 9.51605225172 5.11402871744 0.509856484498 10.2961774935 0.191721241943
14 126 0 0.0 nan 1.20686278638 8.89960531499 9.48220999963 5.16836062103 0.446901220483 10.1150682907 0.229801151435
15 135 0 0.0 nan 1.36162815 8.85295918555 9.35707281204 5.20922033039 0.535845163237 10.0933793375 0.0843853600363
16 144 0 0.0 nan 1.40701396906 8.93788044124 9.36109715534 5.10354285892 0.705254735057 10.226114823 0.144283451918
17 153 0 0.0 nan 1.35244997846 9.08987661715 9.230005993 5.10067541054 0.733897666802 10.4268348666 0.144467155336
18 162 0 0.0 nan 1.3737480419 9.28127453014 9.20717900206 5.1482668895 0.600441349433 10.621244124 0.158416150528
19 171 0 0.0 nan 1.30965375419 9.34690672844 9.26685790308 5.12824010132 0.698935073868 10.7323027955 0.164473703044
20 180 0 0.0 nan 1.14575930901 9.00269573752 9.20013497464 5.06982371446 0.54891487095 10.7496695815 0.363181837978
21 189 0 0.0 nan 1.14696843151 9.13934581762 8.94933605825 5.12560949123 0.547431871995 10.9791254296 0.273583944013
22 198 0 0.0 nan 1.14988046388 8.94535157917 9.08879146744 5.03783950479 0.753384785478 10.7754918782 0.309654473975
23 207 0 0.0 nan 0.945755660358 8.96477556539 8.88792986154 5.01389186849 0.656477475316 10.9050157269 0.439128615466
24 216 0 0.0 nan 1.03570936986 9.00203750618 8.67180618534 5.06131880331 0.645277010973 11.0417726436 0.370725992783
25 225 0 0.0 nan 1.31434867548 8.98244684955 8.6087579129 5.05999926167 0.65479841971 11.0172049458 0.362832824754
26 234 0 0.0 nan 1.34402494637 9.16424734136 8.56494510078 5.08465514596 0.603141354835 11.2099090472 0.363370843194
27 243 0 0.0 nan 1.45749194266 9.25567020428 8.6346198384 5.09279561156 0.572862989574 11.0567819345 0.338442336293
28 252 0 0.0 nan 1.31826091073 9.43140450178 8.55307628706 5.10606347616 0.498007866534 11.1482645861 0.401372646136
29 261 0 0.0 nan 1.26928599303 9.62505369164 8.45429687462 5.07866562093 0.536756761644 11.4035371225 0.392214651025
30 270 0 0.0 nan 1.18525727903 9.60895723495 8.34467223575 5.0420614724 0.565821793044 11.5936210395 0.445788528647
31 279 0 0.0 nan 1.05449920798 9.60944611576 8.4568399499 5.07546476992 0.485354803863 11.5064141096 0.441789872246
32 288 0 0.0 nan 0.926035308979 9.47121953057 8.46271802971 5.06073658089 0.40322708577 11.4363358469 0.552296019329
33 297 0 0.0 nan 0.900739955416 9.54024724883 8.44046680892 5.05154647488 0.50354909679 11.6015450303 0.473184049616
34 306 0 0.0 nan 0.816401577383 9.63339114987 8.26432989821 5.07953547259 0.411423958332 12.0793415217 0.577538180582
35 315 0 0.0 nan 0.652513108772 9.53816468254 8.29652604776 5.09788645663 0.276332582059 12.1054694201 0.64589908618
36 324 0 0.0 nan 0.887806974616 9.5713685967 8.52839439064 5.08623799797 0.258096916817 12.0874164209 0.69257141932
37 333 0 0.0 nan 0.882025171017 9.47323877882 8.21635593733 5.08805095867 0.347074599583 12.2312413264 0.565370424728
38 342 0 0.0 nan 1.05548466356 9.7334247388 7.97082547182 5.0901845498 0.284940998685 12.575786005 0.630811008967
39 351 0 0.0 nan 0.812750426746 9.9854284962 7.97043700472 5.11405238068 0.326337589215 12.7691245735 0.604952650828
40 360 0 0.0 nan 0.633211017042 9.94427617231 7.9561302597 5.12815929619 0.315993431579 12.7063562949 0.555657282437
41 369 0 0.0 nan 0.360720094729 10.2336189277 7.69934577404 5.10632212989 0.286904014912 13.1802077821 0.578091838562
42 378 0 0.0 nan 0.707610641912 10.5340308659 7.5401769452 5.1256798887 0.383370049189 13.3500863228 0.437152304753
43 387 0 0.0 nan 0.78241601952 10.7804032621 7.21494631555 5.0903604389 0.38565448326 13.9628495736 0.447915470721
44 396 0 0.0 nan 1.18142395998 11.1366434261 7.19492988188 5.11544000046 0.363716831743 14.0512232316 0.430800329143
45 405 0 0.0 nan 1.32065032965 10.458138089 7.66159905795 5.10261241751 0.464710262687 12.9998864209 0.447529860023
46 414 0 0.0 nan 1.77151481862 10.8045601237 7.69239599808 5.09586392144 0.401537716064 13.2100951825 0.419623885735
47 423 0 0.0 nan 1.41038977921 10.8221953619 7.71057431227 5.11091458166 0.253097760172 13.4122525266 0.649626906409
48 432 0 0.0 nan 0.985293462649 10.7495783301 7.51826533637 5.08283483651 0.307457635834 13.6268423452 0.717470927103
49 441 0 0.0 nan 0.706200024372 11.0754719784 7.29570717445 5.12682374499 0.316326261712 14.283067187 0.597026845041
50 450 0 0.0 nan 0.743744453564 11.0480971466 6.88715631142 5.13064856308 0.271500451242 14.4971658669 0.644930908965
51 459 0 0.0 nan 0.639662706225 10.8073829528 7.07684670747 5.09459663521 0.30796910729 14.2952730794 0.726688493676
52 468 0 0.0 nan 0.979306218378 10.5911887431 7.03288328432 5.11418367057 0.187973586637 14.1167212999 0.838733435942
53 477 0 0.0 nan 0.883044899441 11.0317139342 6.89179905067 5.09469826176 0.303211594723 14.673931789 0.754471222324
54 486 0 0.0 nan 0.734450622565 11.4775349595 6.79041590106 5.11374597832 0.300005882129 15.0684865262 0.628588501814
55 495 0 0.0 nan 0.823501390652 11.3050170907 6.79825168656 5.13104920863 0.255164164369 14.7838664394 0.62818541098
56 504 0 0.0 nan 0.726798493783 11.6173375396 6.40712121168 5.1110107786 0.363555417146 15.321221168 0.54189815611
57 513 0 0.0 nan 0.720360108524 11.5985192292 6.32640832601 5.11566297891 0.322161831699 15.392849099 0.608702084932
58 522 0 0.0 nan 0.567998421167 11.9350937758 6.13935690582 5.11407964426 0.320113012181 15.7952110945 0.544875332437
59 531 0 0.0 nan 0.476691657764 11.9573151746 6.05505924035 5.12565301156 0.308736272894 15.856039012 0.558019085283
60 540 0 0.0 nan 0.477211792615 11.8202598553 6.1592372262 5.10110782123 0.321855777767 15.5282996725 0.557851629609
61 549 0 0.0 nan 0.396907810549 12.0559449198 5.88836263112 5.10931379017 0.311898324922 15.9844653508 0.517545042819
62 558 0 0.0 nan 0.266267258135 12.3740922816 5.69965051175 5.11734042755 0.331752457672 16.2696175485 0.457012542332
63 567 0 0.0 nan 0.499955413866 12.3517256046 5.72595674195 5.12299523775 0.336675712746 16.2621964577 0.419643251478
64 576 0 0.0 nan 0.270700099408 12.6162185769 5.54943516129 5.11904066402 0.351227496606 16.6991149558 0.348386193021
65 585 0 0.0 nan 0.11758139218 13.089063276 5.24022702472 5.12115870382 0.337581182435 17.3784533064 0.314032182437
66 594 0 0.0 nan 0.161250457699 13.2591197518 5.11132757966 5.13261521682 0.330770634435 17.7293283252 0.245288821321
67 603 0 0.0 nan 0.439148382075 12.9433116085 5.40704039552 5.14616669279 0.282975029242 17.1758373248 0.324524304521
68 612 0 0.0 nan 0.705933615894 12.5941260597 5.3992225947 5.15250294318 0.291549994327 16.9278753171 0.352264441437
69 621 0 0.0 nan 0.639018268837 12.7693993402 5.10635760186 5.13697471107 0.354064245532 17.2769599353 0.320797936365
70 630 0 0.0 nan 0.77488223159 12.5713909066 5.33890177476 5.12612489405 0.33661901524 17.0238074481 0.415757866759
71 639 0 0.0 nan 0.942418241971 12.8398520346 5.13816100937 5.13623243767 0.312043226278 17.2891925015 0.347065643983
72 648 0 0.0 nan 0.874427936408 13.0131914373 4.94923759076 5.12838554019 0.315039235958 17.4398234783 0.341493671902
73 657 0 0.0 nan 0.949178868511 12.8299599364 4.64731107765 5.1321293947 0.323899742303 17.3200885991 0.311183749584
74 666 0 0.0 nan 0.839823653412 12.4301799697 4.52024399376 5.125364272 0.340428011292 17.0207906284 0.308646033668
75 675 0 0.0 nan 0.736677469047 11.9337971244 5.15714408536 5.14869649789 0.312997909578 16.2553003384 0.331010856919
76 684 0 0.0 nan 1.08975257343 11.654011265 4.74647079093 5.13875728182 0.328157566703 16.2308839269 0.399352043501
77 693 0 0.0 nan 1.19466372945 11.7038849415 4.50811732363 5.13021437251 0.356244346241 16.6066366176 0.436475133621
78 702 0 0.0 nan 0.852943635741 12.1250909908 3.79825561225 5.12877228134 0.333813932389 17.4284036267 0.457585901177
79 711 0 0.0 nan 0.966844297968 12.6574102755 3.24201809502 5.14021855997 0.306970544411 18.4593680642 0.341013672894
80 720 0 0.0 nan 1.3412595805 12.8771919886 4.02819367052 5.1405275284 0.287462618371 17.971159118 0.411317882886
81 729 0 0.0 nan 1.58778159964 13.3028398704 3.92708742526 5.14109296788 0.281428064413 18.327951199 0.303006298555
0 730 0 0.0 nan 1.0 10.0 10.0 5.0 1.0 10.0 0.5
1 748 0 0.0 nan 1.29590101746 9.58366394206 9.91685540205 4.92306770429 0.93922485699 9.96833899327 0.627789024194
2 766 0 0.0 nan 1.37436498302 9.63829465674 10.0672205967 4.78705950882 0.806619533342 10.1242281852 0.679906854323
3 784 0 0.0 nan 1.2942222663 9.46548266594 9.79185324166 4.8739080009 0.909645901683 10.1740303867 0.524230358972
4 802 0 0.0 nan 1.17440225364 9.72337078897 9.89853717926 4.79450065331 0.86816279314 10.2220973612 0.586369779529
5 820 0 0.0 nan 1.25924518347 9.62883328858 9.844704724 4.91578824296 0.782724337314 10.1683855378 0.519629445447
6 838 0 0.0 nan 1.22487224792 9.63701669598 9.88099339033 5.02400243215 0.593769495564 10.2817207814 0.382584788812
7 856 0 0.0 nan 1.28461745668 9.71700106904 9.76396059444 5.0503908935 0.573689561161 10.3917468722 0.3402692667
8 874 0 0.0 nan 1.25369262156 9.68577325772 9.47279299083 5.09496337529 0.430454551257 10.399011577 0.368720831394
9 892 0 0.0 nan 1.29430374631 9.7648133752 9.4253395947 5.08227480142 0.316776752085 10.415188198 0.536273089868
10 910 0 0.0 nan 1.17994984417 9.91975768107 9.42591909242 5.09639205557 0.305882293566 10.3110992267 0.504603383544
11 928 0 0.0 nan 1.23476222024 9.79080321214 9.57328000803 5.04708733019 0.384002542978 10.292278811 0.503128243952
12 946 0 0.0 nan 1.42909978893 10.0083004048 9.55421331136 5.05419821867 0.287750887544 10.3246082201 0.605664109039
13 964 0 0.0 nan 1.45501440764 10.1473263117 9.58986760429 5.05219918977 0.332745249311 10.1617448846 0.55593628226
14 982 0 0.0 nan 1.44692156894 10.2016087862 9.47115111511 5.04795018109 0.238352317044 10.3070147683 0.675821723015
15 1000 0 0.0 nan 1.37719628263 10.401230608 9.19577887283 5.06729898927 0.203718449965 10.1982897987 0.765623428191
16 1018 0 0.0 nan 1.25930067931 10.566693295 9.06057453722 5.07890999715 0.210289055505 10.087864403 0.653845505224
17 1036 0 0.0 nan 1.38198433966 10.623944632 9.3355338625 5.06252576033 0.226889242128 10.173441929 0.634263702633
18 1054 0 0.0 nan 1.42424497435 10.9236605607 9.13531976706 5.05744442608 0.294041172966 10.1369741451 0.583111676659
19 1072 0 0.0 nan 1.4295720923 10.7078083848 8.8426047642 5.08337386006 0.143162268473 10.1140447929 0.758178486858
20 1090 0 0.0 nan 1.36706945527 10.9441581651 8.65879074436 5.08714658615 0.167596116727 9.99223624796 0.707485195803
21 1108 0 0.0 nan 1.39411290734 11.1685078667 8.30704726094 5.10690874904 0.150468998961 9.91454222107 0.734799150037
22 1126 0 0.0 nan 1.51895724023 11.4616319668 8.11847569253 5.10982912471 0.139431013133 9.54068592933 0.717672789823
23 1144 0 0.0 nan 1.59492823007 11.7914236095 7.29935863791 5.13827732753 0.0274952574052 9.61429639126 0.919164927834
24 1162 0 0.0 nan 1.56795759837 12.0457950874 6.92055931604 5.12653635261 0.0364520578109 9.46045165832 0.951891031484
25 1180 0 0.0 nan 1.65104574518 12.404336504 6.56651282073 5.10546902289 0.0666784772737 9.41036896262 0.972669480711
26 1198 0 0.0 nan 1.53379947299 12.0812763269 7.07718473803 5.10177835943 0.0552350759908 9.60109866818 0.934807569884
27 1216 0 0.0 nan 1.5679673005 12.2338581397 6.74950555591 5.09988425753 0.108328785292 9.47687955973 0.903878238341
28 1234 0 0.0 nan 1.70904472234 12.4352481713 6.53985697041 5.11750877216 0.12040727454 9.45996309707 0.868214758153
29 1252 0 0.0 nan 1.80882604836 12.2817545578 6.6784887052 5.10810728944 0.0975095587349 9.45136655782 0.894190565727
30 1270 0 0.0 nan 1.84248385511 12.5751509487 6.24856531438 5.09673648319 0.145930629562 9.36543761252 0.891596249006
31 1288 0 0.0 nan 1.69518207891 12.8880912399 5.88512102712 5.1224448437 0.162084483069 9.31766457349 0.825983834527
32 1306 0 0.0 nan 1.7506839574 13.2903255493 5.5849919776 5.11618541602 0.146490007469 9.27132534408 0.895865823968
33 1324 0 0.0 nan 1.81265020264 13.405084768 5.25431113687 5.13078955749 0.133577623426 9.22511431226 0.883612361653
34 1342 0 0.0 nan 1.74185185502 13.5725286002 5.02945870199 5.12512821268 0.141983609836 9.33602581029 0.90357547605
35 1360 0 0.0 nan 1.67425782015 13.9167966575 4.35942754055 5.12949045555 0.160638871947 9.30706295132 0.898180390353
36 1378 0 0.0 nan 1.66135609861 14.4630140841 3.62355789622 5.14935147327 0.138201795768 9.17598621515 0.953215051974
37 1396 0 0.0 nan 1.72841280298 14.5681220801 3.74880638309 5.12817501169 0.132629797038 8.9467307051 1.01543426323
38 1414 0 0.0 nan 1.71620092481 14.6571754907 3.94661470393 5.11830321993 0.15547129054 8.84649138425 0.999475070683
39 1432 0 0.0 nan 1.69779101908 14.2200120808 4.13915330224 5.13576577789 0.110230777486 8.87142561534 1.09803986598
40 1450 0 0.0 nan 1.81658026041 14.5191440791 3.97641173036 5.13601232192 0.127880692064 8.59825084517 1.07550209132
41 1468 0 0.0 nan 1.77465519154 14.4233408577 4.18029758926 5.13056039792 0.121993686971 8.59893784076 1.04991067714
42 1486 0 0.0 nan 1.82233591676 14.449013048 3.92201502015 5.12896592136 0.141495058633 8.780245718 1.05985904959
43 1504 0 0.0 nan 1.82754742999 14.4258177661 3.96269254661 5.13147401259 0.128296706525 8.89558249591 1.09859738945
0 1505 0 0.0 nan 1.0 10.0 10.0 5.0 1.0 10.0 0.5
1 1517 0 0.0 nan 1.06171351606 9.98352089723 9.62580544958 4.89644528293 1.01254139736 9.99088984967 0.4131931457
2 1529 0 0.0 nan 0.764129038703 10.1568470825 9.74785042423 4.86778158779 0.798887562772 9.92301596647 0.369544946244
3 1541 0 0.0 nan 0.946057326683 10.0147623308 9.69826259278 4.93641260045 0.772176610338 9.84557555893 0.343225553135
4 1553 0 0.0 nan 0.922546926779 10.1647917148 9.5627658348 5.06641635694 0.747613348436 10.0464715407 0.172461341607
5 1565 0 0.0 nan 0.947003994959 10.1665616956 9.72075419856 5.12430515403 0.773437681193 10.0043247685 0.113858192713
6 1577 0 0.0 nan 0.947524548582 9.87017285682 9.78779684859 5.0890647035 0.651439567938 9.8538351776 0.178249925491
7 1589 0 0.0 nan 1.03718485284 9.84512539769 9.65600161355 5.03192672537 0.724810579472 9.70822333918 0.209822890597
8 1601 0 0.0 nan 1.04539760299 9.83806087228 9.60478794025 5.03865801015 0.703845146765 9.63602581999 0.205507096242
9 1613 0 0.0 nan 1.04475901666 9.91511588959 9.51619514942 5.02245625078 0.626058626591 9.5476918617 0.230226763788
10 1625 0 0.0 nan 1.04678903225 9.88203736774 9.49685615113 4.98884782134 0.630705028699 9.64154802677 0.355604730128
11 1637 0 0.0 nan 1.02941064588 9.94405506675 9.43826370057 5.04532392085 0.579490120684 9.61161314683 0.335457412611
12 1649 0 0.0 nan 1.02529394012 9.91247272034 9.45504626215 5.07163056662 0.490443291246 9.52018010911 0.313696343533
13 1661 0 0.0 nan 1.06064529392 9.96302565754 9.48409711253 5.07015158174 0.547023594441 9.59273985259 0.284544505891
14 1673 0 0.0 nan 1.07781497764 9.97098044611 9.44117824891 5.0635800898 0.486092662126 9.55720122723 0.332495667541
15 1685 0 0.0 nan 1.06302599596 10.0227450064 9.351242363 5.08620671752 0.484800304369 9.55048163359 0.303592310216
16 1697 0 0.0 nan 1.038495016 10.0619769805 9.29123799938 5.07919460158 0.464338872553 9.47183864655 0.357624031864
17 1709 0 0.0 nan 1.12895028655 10.1686358962 9.17078526491 5.04328335902 0.40479862671 9.35246063631 0.435999025147
18 1721 0 0.0 nan 1.13932604641 10.2516355778 9.19051251367 5.04763010006 0.422825593821 9.37128467849 0.456938716917
19 1733 0 0.0 nan 1.16613798676 10.170794414 9.07533478868 5.09067609199 0.341602153054 9.27729354401 0.4476999505
20 1745 0 0.0 nan 1.26532870633 10.1468291817 9.04440153666 5.11132530124 0.350417176252 9.26320008846 0.446242557882
21 1757 0 0.0 nan 1.23280852324 10.2751102026 8.96630587238 5.0983094013 0.186749510327 9.18841357965 0.559219868579
22 1769 0 0.0 nan 1.19404734415 10.2898839862 8.88088841976 5.11298356193 0.112981011114 9.00326541857 0.61003229683
23 1781 0 0.0 nan 1.21696839617 10.3544467648 8.6870689656 5.1180431343 0.050937943589 8.99919406352 0.66165946459
24 1793 0 0.0 nan 1.23691155562 10.3785744639 8.53964390204 5.10019950413 0.171368581378 8.97497252383 0.638732794437
25 1805 0 0.0 nan 1.29769163346 10.4940404007 8.13543320662 5.10785507995 0.163052425642 8.8175017449 0.666180714593
26 1817 0 0.0 nan 1.22260503538 10.6531144942 7.98722875738 5.13299611617 0.103734455627 8.85088327668 0.697145102628
27 1829 0 0.0 nan 1.29242622093 10.7206039402 7.76686091104 5.12204790662 0.100227994826 8.75139550668 0.798080323509
28 1841 0 0.0 nan 1.40142767416 10.7789460293 7.67226710693 5.13513954024 0.092981207837 8.67157497176 0.745625655617
29 1853 0 0.0 nan 1.54448009959 10.705359856 7.71815451202 5.0972172939 0.0803925348948 8.79758467602 0.7775920579
30 1865 0 0.0 nan 1.58904887288 10.6649169018 7.66329174809 5.14386955765 0.00750104856833 8.76252943438 0.830231407897
31 1877 0 0.0 nan 1.51931381518 10.7029840864 7.63697638683 5.09045289913 0.0311146307581 8.74917533896 0.966437106825
32 1889 0 0.0 nan 1.61232713172 10.719475917 7.53104978493 5.12052930623 -0.111503512664 8.59067005687 1.15900136837
33 1901 0 0.0 nan 1.7499126878 10.7655435786 7.41713655996 5.11411525364 -0.151848156022 8.69390096114 1.23314444673
0 1902 0 0.0 nan 1.0 10.0 10.0 5.0 1.0 10.0 0.5
1 1938 0 0.0 nan 1.03167243317 9.88220360036 10.0456870545 4.90005489676 1.00571871665 9.91578836765 0.405227573373
2 1974 0 0.0 nan 1.12994544241 9.97921730054 9.87574816318 4.8761206588 0.986912128192 9.92342518711 0.400327498042
3 2010 0 0.0 nan 1.05060821133 9.92032390571 9.78241398135 4.91719575898 0.935001179672 9.9457159579 0.260881665245
4 2046 0 0.0 nan 1.16696286435 9.67847499037 9.68079960433 5.0055558023 0.828841888815 9.97596075719 0.236361761232
5 2082 0 0.0 nan 1.09490223812 9.91409929271 9.57716540363 5.02500192808 0.600296428262 10.0651785556 0.348075558573
6 2118 0 0.0 nan 1.2314786302 9.75498265358 9.58127502463 5.04047038239 0.665632388643 10.3355589186 0.302029957275
7 2154 0 0.0 nan 1.16369244159 10.081895081 9.33392821082 5.0034593325 0.575195811366 10.2654075766 0.454643042514
8 2190 0 0.0 nan 1.17411982103 10.0892729462 9.16585852654 5.05236761772 0.359997064773 10.3130615255 0.540588690736
9 2226 0 0.0 nan 1.24366659002 10.328808777 8.93412410421 5.09777695322 0.167080994693 10.3826245515 0.63885537714
10 2262 0 0.0 nan 1.15588337508 10.4562375841 8.91117751274 5.08278268023 0.196497304711 10.3706358266 0.685111634463
11 2298 0 0.0 nan 1.13194300675 10.252420449 8.7877714103 5.04906041127 0.26486432924 10.3828584436 0.68318488025
12 2334 0 0.0 nan 1.21628198676 10.4577905216 8.63849944293 5.06893167413 0.188611613613 10.5063414915 0.730099927847
13 2370 0 0.0 nan 1.19441555288 10.4766478348 8.55502839778 5.08782441306 0.142690564056 10.4776154363 0.759789153316
14 2406 0 0.0 nan 1.23616939326 10.5510787058 8.32056839706 5.07520481603 0.118160819866 10.6369444221 0.857521999937
15 2442 0 0.0 nan 1.41810487102 10.6756434134 8.05124405041 5.06945336757 0.0773536775107 10.646895519 0.979858625145
16 2478 0 0.0 nan 1.4891098031 10.9610135412 7.75598761338 5.09458450409 -0.0107987878257 10.7494136583 1.04803987725
17 2514 0 0.0 nan 1.72532640585 11.1986251043 7.63929399994 5.07367280107 0.0284778595532 10.7943838413 1.11145932195
18 2550 0 0.0 nan 1.60841936687 11.0817041751 7.47055530485 5.0891672732 0.0214090147808 10.638817095 1.07130452269
19 2586 0 0.0 nan 1.56673944803 11.0902259795 6.82547195216 5.10077263266 0.0311601826111 10.7748185404 1.11360769769
20 2622 0 0.0 nan 1.54329803022 10.9939797337 6.62765450327 5.10184713349 0.0668682052788 10.9723928455 1.07123444332
21 2658 0 0.0 nan 1.88517540756 11.2477034723 5.70705250597 5.10172640591 0.0704975714613 11.1169447819 1.21566262277
22 2694 0 0.0 nan 1.90950468723 11.1098358416 4.80502687033 5.13459794557 0.133272349389 11.4622869723 1.11902368857
23 2730 0 0.0 nan 2.3998084228 10.9522949887 4.50160884377 5.11785495689 0.203884555926 11.3339938117 1.03479297546
24 2766 0 0.0 nan 2.68453490487 11.2257174493 4.42136859015 5.12787107493 0.0785352614575 11.6972913441 1.34620348386
25 2802 0 0.0 nan 2.88116493213 10.8588627353 3.7595747804 5.14340603752 0.174934979211 11.8905775152 1.15084719027
26 2838 0 0.0 nan 3.18888912918 11.0581712205 4.03671013078 5.10950065458 0.181446797248 12.3895579165 1.23356454643
27 2874 0 0.0 nan 3.14767518737 11.0844813225 3.02603672371 5.1339194841 0.173664490099 12.6802190174 1.29213176364
28 2910 0 0.0 nan 2.73915693992 10.9663427925 3.28151428226 5.11814206953 0.248736646363 12.7057192925 1.22294311085
29 2946 0 0.0 nan 2.7569439532 11.1159779167 3.27358545956 5.11243082893 0.253312449493 12.8028113155 1.22215631134
30 2982 0 0.0 nan 2.87560293684 11.4274826075 3.08221277087 5.11894569855 0.245246921432 12.8808872797 1.23916091915
31 3018 0 0.0 nan 2.81155693521 11.4085838547 3.19413803939 5.12507132031 0.192759712604 12.7645542959 1.34871178509
32 3054 0 0.0 nan 2.99342530118 11.4459931805 2.93623290616 5.14009658616 0.162374694918 12.8314098929 1.42963352028
33 3090 0 0.0 nan 2.92103655808 11.5043160349 2.95803400028 5.1380109078 0.167664527575 12.5420040652 1.37458574898
34 3126 0 0.0 nan 2.98092646658 11.5209910805 2.83361423763 5.13591769133 0.181439981565 12.2709892307 1.38576691392
35 3162 0 0.0 nan 3.01171808166 11.2601858367 2.82980324071 5.13276925513 0.179521381111 12.1460068486 1.42495403776
36 3198 0 0.0 nan 2.93982242808 11.5480597548 2.84996916643 5.13262223545 0.183257980131 12.2199877364 1.40533302115
0 3199 0 0.0 nan 1.0 10.0 10.0 5.0 1.0 10.0 0.5
1 3226 0 0.0 nan 1.01026891048 9.9784989847 9.97885410844 4.95306588555 0.974715110286 9.97644917603 0.488442919224
2 3253 0 0.0 nan 0.98383868099 9.96352555212 9.96357781218 4.89975106327 0.937536753119 9.99230176816 0.466355962721
3 3280 0 0.0 nan 0.974751626626 9.9594101964 9.96559548787 4.89403901833 0.857272399139 10.0279658087 0.425541068554
4 3307 0 0.0 nan 0.968404050125 9.91972635413 9.98649251792 4.92736014152 0.848838806781 10.12115511 0.330295937237
5 3334 0 0.0 nan 0.919173725868 9.95094188392 9.92575162118 4.9429770965 0.807259340744 10.0578527464 0.281172731692
6 3361 0 0.0 nan 0.95836665695 9.91891770923 9.87902331475 4.99121833731 0.728087328754 10.0213845745 0.223651811051
7 3388 0 0.0 nan 1.00678465045 9.96772979872 9.86573803983 4.99071950232 0.768008414532 9.98312759477 0.198270103536
8 3415 0 0.0 nan 1.07793530585 9.98712850915 9.71524564318 5.06234203436 0.663514911292 10.0850633094 0.15313391258
9 3442 0 0.0 nan 1.0322048232 10.0479421402 9.67185104985 5.06670114568 0.628699433593 10.0545464542 0.183446892075
10 3469 0 0.0 nan 1.03850885676 10.1488580432 9.56376953431 5.05003145802 0.600616521535 9.91848645319 0.231068194825
11 3496 0 0.0 nan 0.996910553521 10.1378325571 9.32679163846 5.04411034711 0.537626995629 9.97338476044 0.28162110476
12 3523 0 0.0 nan 0.857780207465 10.3347415347 9.36440265872 5.1026959163 0.423440988173 10.0205878336 0.342130086599
13 3550 0 0.0 nan 0.961635916306 10.3753566131 9.417731399 5.05675924578 0.329063684608 9.89030268648 0.47539585532
14 3577 0 0.0 nan 0.977601405717 10.5594714992 9.11353663912 5.07456159409 0.269890424347 9.98290858569 0.533677582088
15 3604 0 0.0 nan 1.18051816741 10.6084374339 9.1395020656 5.09457364357 0.339451429869 10.2784885688 0.456871621856
16 3631 0 0.0 nan 1.31964121803 10.6045104985 8.89492805369 5.02185768764 0.413617719853 10.0599738268 0.500097692075
17 3658 0 0.0 nan 1.26848092332 10.6793938922 8.83352148884 5.06025325944 0.142587309088 10.1125752128 0.79412845691
18 3685 0 0.0 nan 1.40646327895 10.6033963991 8.86218402718 5.06668706122 0.194761803001 10.0033460598 0.733372859418
19 3712 0 0.0 nan 1.44651844113 10.6839719062 8.48385932562 5.06876252776 0.239568276614 9.91804125859 0.647031540975
20 3739 0 0.0 nan 1.36325087797 10.6595658879 8.49628658457 5.08159233496 0.314800091139 9.79752555211 0.523999355824
21 3766 0 0.0 nan 1.48626279657 10.7002682892 7.99234898965 5.09311026565 0.307586768078 9.75262251094 0.520379860586
22 3793 0 0.0 nan 1.75949392021 10.8106007279 7.5802780814 5.07742071699 0.278700818022 9.85952865482 0.582153046717
23 3820 0 0.0 nan 2.15423699327 10.7370505085 7.19492325586 5.05533776829 0.345016133201 9.97585918469 0.585183940532
24 3847 0 0.0 nan 1.82840445429 10.9973294138 7.4074313267 5.06864325119 0.372989350842 9.52165629582 0.509548896738
25 3874 0 0.0 nan 2.27197759859 11.1803409813 7.0054651566 5.07792932648 0.348335171267 9.96264120609 0.443413828705
26 3901 0 0.0 nan 2.0727594693 11.4699234764 6.4686916438 5.09080369278 0.287441714592 9.92807945649 0.572060996754
27 3928 0 0.0 nan 2.42164602447 11.4612959772 5.85653469102 5.11690574629 0.246871605317 9.98615701892 0.631691831583
28 3955 0 0.0 nan 2.62931523381 11.3462850934 5.55414706477 5.1188551813 0.221225855605 9.92991915251 0.680764811625
29 3982 0 0.0 nan 3.18256097507 11.1938367464 4.73220250061 5.10031665266 0.278034405822 10.175153095 0.734628196351
30 4009 0 0.0 nan 3.10636778759 11.3256439597 4.55917725239 5.11516048184 0.246107621406 10.0587840324 0.810913733284
31 4036 0 0.0 nan 2.82055160277 11.4326534726 5.17775304416 5.11640004276 0.273402608256 10.0135034124 0.687876861053
32 4063 0 0.0 nan 2.76839913299 11.3584459908 4.69500210452 5.1067376644 0.227938971691 9.76069033918 0.845991331174
33 4090 0 0.0 nan 2.9686621626 11.3502100422 3.7649959705 5.12462242511 0.215691030407 9.94031397241 0.963571278217
34 4117 0 0.0 nan 3.00825635477 11.0309788319 4.07165702887 5.12943693493 0.243372927713 9.7486098385 0.865612690855
35 4144 0 0.0 nan 3.24978073838 10.8510375534 3.35923900542 5.13625186982 0.193022483368 9.35562225842 1.06691788557
36 4171 0 0.0 nan 3.50631864395 10.6932843102 3.00439975157 5.14113498026 0.225669836747 9.68817075051 1.03308806655
37 4198 0 0.0 nan 3.6217013157 10.5474669971 3.01108194772 5.14907589929 0.163263938175 9.71845657926 1.2066260213
38 4225 0 0.0 nan 3.49968375925 10.5139419318 3.47227301647 5.12341301016 0.213792109024 10.0216864892 1.11708725364
39 4252 0 0.0 nan 3.86202694478 10.5077043994 2.98780995205 5.13552369264 0.275542718449 10.3381556663 1.00061030342
0 4253 0 0.0 nan 1.0 10.0 10.0 5.0 1.0 10.0 0.5
1 4325 0 0.0 nan 0.980160504983 9.8853633077 10.009233488 5.00475285657 0.635500095998 9.95354302996 0.572735912267
2 4397 0 0.0 nan 1.23745392584 9.89247116306 10.0879179083 4.97398783801 0.564181390358 9.95774487316 0.543247995001
3 4469 0 0.0 nan 1.22021755257 9.91224179836 9.92836710333 4.99997830229 0.496143190557 9.99243664403 0.507439084114
4 4541 0 0.0 nan 1.16514632396 9.8909427886 9.83004978357 5.03053696108 0.361812823793 9.85578899747 0.577247946583
5 4613 0 0.0 nan 1.14869118696 9.84189032643 9.7918944765 5.06368895187 0.284872269331 9.74715440117 0.560956126724
6 4685 0 0.0 nan 1.19210478396 10.0522632387 9.76008363257 5.06155820209 0.267284256497 9.88672801491 0.570131025082
7 4757 0 0.0 nan 1.22497780767 10.2529405698 9.69367059467 5.05009450726 0.24167782555 9.88105533017 0.626331351548
8 4829 0 0.0 nan 1.16375154822 10.5953750351 9.66450121492 5.07695549883 0.172278825381 9.93560077632 0.678810701504
9 4901 0 0.0 nan 1.12914823794 10.9096668897 9.50850331883 5.08338076201 0.144337137315 10.0082466522 0.727326675294
10 4973 0 0.0 nan 1.10763579375 11.2564374845 9.46721553366 5.0880863622 0.167417773927 10.1572931708 0.679409622336
11 5045 0 0.0 nan 1.2188304852 11.9222211446 9.24087477679 5.07745708433 0.119635027148 10.1314944608 0.784444821658
12 5117 0 0.0 nan 1.41174495925 12.1980920949 8.92670504191 5.07817511474 0.11292431048 10.0380471815 0.801888331338
13 5189 0 0.0 nan 1.57091975985 13.1941744967 8.50181078996 5.08910348941 0.106553636905 10.2579753533 0.772768524573
14 5261 0 0.0 nan 1.63522745896 13.135011971 8.0790834773 5.11438506394 0.101275707973 10.7810915556 0.788362138659
15 5333 0 0.0 nan 1.54992880097 13.4186052399 7.58345524595 5.11499269757 0.146639414822 11.3858178368 0.795182090672
16 5405 0 0.0 nan 1.75357024831 14.1351000187 7.05636850062 5.11764081651 0.157322662831 11.5046595229 0.745831667571
17 5477 0 0.0 nan 2.42172449891 14.9743296273 6.83925855451 5.11471896406 0.124604617762 11.8617975671 0.854204905505
18 5549 0 0.0 nan 2.8924052333 15.4940143762 5.65868920221 5.12333043685 0.1556907644 11.9627851289 0.781588750187
19 5621 0 0.0 nan 2.99136299775 16.0875704977 5.30894114941 5.1459610234 0.143926732795 12.3215540522 0.678000455151
20 5693 0 0.0 nan 2.94440631019 15.5628806201 5.35446106352 5.1382218651 0.151456812148 11.8270456202 0.729966883499
21 5765 0 0.0 nan 3.19380051445 15.6975463577 5.19937003442 5.14123104814 0.144240431327 12.3447564517 0.707679906351
22 5837 0 0.0 nan 3.25099744529 16.1938316952 4.35476059937 5.14879034058 0.156297252022 12.5549491705 0.666317428237
23 5909 0 0.0 nan 3.08033277495 15.9734264278 4.89657556548 5.13735748683 0.162015389972 12.4476683914 0.684555273089
24 5981 0 0.0 nan 3.0681805999 16.0279208547 4.53963402857 5.13856602323 0.153113685569 12.147323328 0.74179299788
25 6053 0 0.0 nan 3.52419714014 15.7014660367 4.1427967962 5.13988158868 0.156937148624 12.1877800624 0.766966995183
26 6125 0 0.0 nan 3.64841316145 15.5322569367 4.03499024372 5.13625988352 0.1783732691 12.0646118481 0.666250650558
27 6197 0 0.0 nan 3.85272050508 15.0455765725 3.71107822639 5.13630448599 0.185744005551 11.7220300261 0.667042616226
0 6198 0 0.0 nan 1.0 10.0 10.0 5.0 1.0 10.0 0.5
1 6218 0 0.0 nan 1.08257269442 10.0270753613 10.0759388679 4.92224375397 0.847436595848 10.0379798746 0.429299417249
2 6238 0 0.0 nan 1.07192604387 9.93680698213 10.3022901818 4.92307496306 0.934645743351 10.0854966608 0.251830837302
3 6258 0 0.0 nan 1.18903412135 10.1388649252 10.2753256015 4.87714148312 0.836015577318 10.1370265684 0.397060778264
4 6278 0 0.0 nan 1.50910265757 10.0848160285 10.3745599455 4.95821790541 0.771821734787 10.1684814593 0.335870913232
5 6298 0 0.0 nan 1.50579688357 10.2433449409 10.4920146059 4.9956311519 0.627572850388 10.2661447361 0.367684063158
6 6318 0 0.0 nan 1.59479418984 10.5043259826 10.6242358478 5.02143454145 0.448353204997 10.1219296029 0.498415576115
7 6338 0 0.0 nan 1.74102378459 10.6602794271 10.7074818462 5.05731291535 0.305638111077 10.2251105818 0.577177188009
8 6358 0 0.0 nan 1.67456932093 10.769630298 10.7341225773 5.11232319854 0.142900186226 10.1775916149 0.641135908202
9 6378 0 0.0 nan 1.92727158722 11.0072414644 10.6665356904 5.03358495018 0.171638263328 10.0823854086 0.784791445281
10 6398 0 0.0 nan 1.96682730872 11.1486846413 10.6534781352 5.02915846841 0.233383190774 10.0861505638 0.765833212468
11 6418 0 0.0 nan 2.02741786097 11.147803578 10.5728224856 5.02384197123 0.221479416904 10.3242374012 0.824681125739
12 6438 0 0.0 nan 1.98276398755 11.3021053598 10.6774882479 5.02320050983 0.212225895324 9.95501667297 0.683943858503
13 6458 0 0.0 nan 2.37296165076 11.5560728036 10.590671101 5.025453799 0.188201066004 10.0779089449 0.735641145469
14 6478 0 0.0 nan 2.4850895842 11.7362275883 10.8181478825 5.06739933723 0.16400790653 9.73614223758 0.613339776429
15 6498 0 0.0 nan 2.52914951696 11.9730051357 10.9353463397 5.07570130003 0.165235171422 9.63595299069 0.588979868239
16 6518 0 0.0 nan 2.32571076401 12.1508894975 10.867295705 5.13286141292 0.0463243351306 9.69428779212 0.706848714825
17 6538 0 0.0 nan 1.80267951146 11.9669803548 10.6262141156 5.09968568589 0.0616134413145 9.564027379 0.761265826303
18 6558 0 0.0 nan 1.62764690745 12.138871387 10.4794900709 5.08517886596 0.0657207067148 9.25443392321 0.793361751417
19 6578 0 0.0 nan 1.16918764578 12.0388115575 10.2633885529 5.08242668506 0.153893692971 9.15579528611 0.629594168958
20 6598 0 0.0 nan 1.00548610758 11.5540045452 10.2056474602 5.06346498825 0.187561646425 9.07967760175 0.606210239813
21 6618 0 0.0 nan 1.2599172342 12.2088624775 10.5501032489 5.05477795651 0.13544680906 8.92858503716 0.68472085811
22 6638 0 0.0 nan 1.2150308271 12.3306683911 10.3052604926 5.10677387134 0.114657915283 9.03888981472 0.609341258519
23 6658 0 0.0 nan 1.21501199855 12.27457943 9.9548280196 5.08639838182 0.226509245143 9.07039986393 0.490878499363
24 6678 0 0.0 nan 1.56810642939 12.717305946 10.0800490667 5.06036945612 0.249527628486 9.22143857709 0.466910235323
25 6698 0 0.0 nan 1.34910273204 12.5888816198 9.79638899192 5.01819240952 0.274470522892 9.48771330166 0.541116695248
26 6718 0 0.0 nan 1.6988070153 12.9333630883 9.84144004337 5.04836588197 0.272294933147 9.42818442334 0.474390206972
27 6738 0 0.0 nan 1.28855832332 12.987201258 9.56369256161 5.07182736763 0.331110645745 9.55100682025 0.300594391236
28 6758 0 0.0 nan 1.86143035788 13.8139844586 9.42373746015 5.095017486 0.236314168185 9.98687162385 0.379196800474
29 6778 0 0.0 nan 1.51788720818 13.8123700708 8.92103122788 5.06346266482 0.220858502258 9.91167405866 0.467187324129
30 6798 0 0.0 nan 1.43901429991 13.2759495985 8.27305897995 5.08274668785 0.281982158378 9.98946876534 0.363175435051
31 6818 0 0.0 nan 1.37582914986 12.7760692444 8.0816394623 5.11639171572 0.29054738602 9.78075968744 0.381342591409
32 6838 0 0.0 nan 1.1182118472 12.7560491203 7.96579402992 5.12357773012 0.211392232165 9.66797926574 0.410211316507
33 6858 0 0.0 nan 1.67516633461 13.7808517734 8.66896023541 5.1187719555 0.228095889971 9.61439700171 0.330312486523
34 6878 0 0.0 nan 0.920632470978 14.5088177355 8.1979704972 5.11006242281 0.188524331532 8.76658006086 0.408633210035
35 6898 0 0.0 nan 1.30239919559 14.6036919747 8.79611525008 5.14250482867 0.142939589585 9.112188976 0.480341646098
36 6918 0 0.0 nan 1.21562854371 14.5110983569 8.30187092179 5.09935064673 0.15583129957 9.4403781144 0.546203014236
37 6938 0 0.0 nan 1.03124457718 14.8725512849 8.13700708241 5.08655372176 0.195960761528 8.97479816847 0.525355141164
38 6958 0 0.0 nan 1.30040902967 15.1475131307 8.13367036425 5.10290803564 0.190925585131 9.00623244426 0.457415275862
39 6978 0 0.0 nan 1.11301541259 15.2207829508 7.94256776679 5.10294767762 0.172600420051 8.98216690658 0.466991242857
40 6998 0 0.0 nan 1.45161674809 15.4003233402 7.87905673871 5.11055607099 0.173120228431 9.22504040733 0.458079094148
41 7018 0 0.0 nan 1.38917434741 15.5594363289 7.52139857391 5.09563567791 0.189385674758 9.30068414861 0.45945194723
42 7038 0 0.0 nan 1.11713758134 15.5718555098 7.13723737934 5.09252307555 0.197154421789 8.95314276868 0.401904887755
43 7058 0 0.0 nan 1.13382514263 15.8965479589 7.24855594237 5.114248947 0.1765630633 8.82752618292 0.370603838275
44 7078 0 0.0 nan 1.1494084573 16.2739977831 6.96269341574 5.13090115433 0.15561635197 8.66012937622 0.41724679547
45 7098 0 0.0 nan 1.27607285182 16.287192124 6.5682522808 5.13509208219 0.164321085622 8.98246647059 0.382592047885
46 7118 0 0.0 nan 1.33641578424 16.7198793088 6.44360847632 5.11199979707 0.182865629468 8.66372227228 0.302729816745
47 7138 0 0.0 nan 1.24308623827 16.8027146941 5.91937110164 5.10558479659 0.195089628329 8.7423794625 0.267142813218
48 7158 0 0.0 nan 0.980478087172 17.1654750951 5.62926845047 5.12220296805 0.182205798893 8.46741089484 0.249992197913
49 7178 0 0.0 nan 0.781295989776 17.0867458683 5.80987838077 5.12787410067 0.174309356712 8.30767552023 0.259656739357
50 7198 0 0.0 nan 0.960971351961 16.9352269548 5.51471362506 5.13725430055 0.162503226774 8.37459156813 0.301849694686
51 7218 0 0.0 nan 0.933070071456 16.9303043899 5.29611310247 5.1271627021 0.184244626987 8.35229257239 0.258406779623
52 7238 0 0.0 nan 1.04377538636 17.4605262301 5.03886266216 5.13333455807 0.171685270574 8.38407662671 0.265791612105
0 7239 0 0.0 nan 1.0 10.0 10.0 5.0 1.0 10.0 0.5
1 7248 0 0.0 nan 1.00119381535 9.99547679573 10.002461005 4.99086617427 0.996254222641 9.99888100953 0.498258875419
2 7257 0 0.0 nan 1.00125467756 9.99913833291 10.0014229829 4.98081582639 0.99172235595 9.99479132824 0.491240621101
3 7266 0 0.0 nan 0.994042412613 10.0012343759 10.0032017429 4.96626388901 0.986682592717 9.99596051243 0.492541773937
4 7275 0 0.0 nan 0.996201944602 9.99579518288 10.009585436 4.95339609598 0.969646817336 9.98929405546 0.494366751592
5 7284 0 0.0 nan 0.996019291568 9.99187871498 10.0162743258 4.94135905285 0.948520719402 9.9818407885 0.478640933015
6 7293 0 0.0 nan 0.984067606624 9.99484107123 10.0288711763 4.91279141273 0.937658552727 9.99288354766 0.471505577108
7 7302 0 0.0 nan 0.992129403255 10.0060203606 10.0360383989 4.88711023012 0.923450351841 9.99310599316 0.465797342102
8 7311 0 0.0 nan 0.97441805434 10.000573804 10.0303249756 4.84829384684 0.892103464656 10.0124695545 0.443626440143
9 7320 0 0.0 nan 1.02341366904 10.0001978623 10.0150367407 4.87519721589 0.865155799647 10.0250996934 0.433181593182
10 7329 0 0.0 nan 1.03872848186 10.0222188805 9.99538890707 4.88777219681 0.825014101802 10.0220343538 0.447013974757
11 7338 0 0.0 nan 0.973146555837 9.97612210653 10.032420057 4.9013286286 0.778980430109 10.0379152823 0.426251989402
12 7347 0 0.0 nan 0.978246165319 9.98402457478 10.0700332136 4.90719160894 0.786183402182 10.0603549417 0.428867469125
13 7356 0 0.0 nan 1.0513870213 10.0082906423 10.0561821969 4.92547704821 0.703146796354 10.1144901508 0.462408519832
14 7365 0 0.0 nan 1.06096308817 10.0351346075 10.1093757512 4.92735576474 0.720943155135 10.0768504749 0.416275655619
15 7374 0 0.0 nan 1.05053554972 10.024706958 10.0961715141 4.9574639171 0.711843404991 10.0989842667 0.370616433863
16 7383 0 0.0 nan 1.01403765459 10.0403748864 10.0614323362 4.94832573286 0.642722518084 10.1552699869 0.41195878603
17 7392 0 0.0 nan 0.997732008997 10.0485086544 10.0842898238 5.01419515389 0.542036764375 10.1991393383 0.412107346146
18 7401 0 0.0 nan 0.924563363612 10.0518270039 10.1358501043 5.03934261536 0.562628260328 10.1646348232 0.381280687038
19 7410 0 0.0 nan 0.876677801959 10.0492617762 10.0698009003 5.02051009002 0.59529045633 10.1082874686 0.351411265227
20 7419 0 0.0 nan 0.799725303246 10.0315580081 10.1088968338 5.02673957452 0.576816723891 10.1772481089 0.368650177826
21 7428 0 0.0 nan 0.855044047207 10.0403450138 10.1347637699 5.05642787933 0.47460284537 10.2196227982 0.40012725851
22 7437 0 0.0 nan 0.882620248468 10.0172895117 10.072169294 5.01624813232 0.546783352712 10.1605341504 0.37415999082
23 7446 0 0.0 nan 0.904718074788 10.0447118942 10.0646615872 5.02861120566 0.555610765858 10.1580935094 0.35143981787
24 7455 0 0.0 nan 0.870175363553 10.0654339875 10.0646083527 5.03948650967 0.554628338424 10.2445680165 0.324443381379
25 7464 0 0.0 nan 0.887500053193 10.0726794078 10.087458836 5.07469926918 0.445216963397 10.2998439855 0.373149280436
26 7473 0 0.0 nan 0.887515710057 10.0601888957 10.0525603383 5.05991341838 0.4725564364 10.3070071715 0.363637104653
27 7482 0 0.0 nan 0.943808462526 10.1258096801 10.0053309053 5.049675702 0.506365413925 10.3100884934 0.34304609087
28 7491 0 0.0 nan 0.932034839412 10.0903667296 10.1137899271 5.06070423715 0.45508821033 10.2632914611 0.393266174727
29 7500 0 0.0 nan 0.883019560976 10.1137389363 10.1108473283 5.02667687532 0.507355340279 10.2108380437 0.402403603056
30 7509 0 0.0 nan 0.808343710715 10.126005486 10.0428361423 5.02890539878 0.509121923542 10.2438606742 0.359403494526
31 7518 0 0.0 nan 0.807371039439 10.1527765803 9.97770023144 5.05072611642 0.466132251925 10.304505933 0.364603954853
32 7527 0 0.0 nan 0.909859842388 10.1146633462 9.9257388631 5.04511255699 0.482569534788 10.1833970023 0.343670660495
33 7536 0 0.0 nan 0.936133759796 10.1216485143 9.93555839871 5.09066667408 0.390000981645 10.15587226 0.384194479056
34 7545 0 0.0 nan 0.948578344925 10.1527489667 9.96672792037 5.09457578782 0.368549974354 10.135876903 0.390946619394
35 7554 0 0.0 nan 1.03076227062 10.2538620118 9.87796329756 5.06290157334 0.460532443453 10.1689187599 0.34997583691
36 7563 0 0.0 nan 0.924235021137 10.3216954691 9.81324413538 5.05815793612 0.495862646552 10.2113354061 0.319925691011
37 7572 0 0.0 nan 0.90743275919 10.4080390037 9.66428020553 5.07144608659 0.412680949718 10.3706616366 0.369585819054
38 7581 0 0.0 nan 0.950563289828 10.4076964637 9.67551893112 5.07243756347 0.39649671925 10.4380716711 0.358610469882
39 7590 0 0.0 nan 0.916174472035 10.4991851192 9.52313730711 5.07968818059 0.429702945406 10.477465667 0.342372461196
40 7599 0 0.0 nan 0.967113401947 10.5194027209 9.59650484865 5.08359235784 0.370688582299 10.4638359532 0.359246961141
41 7608 0 0.0 nan 0.959444301953 10.6436141581 9.47649926639 5.04993822617 0.441342377184 10.5970369895 0.377330591765
42 7617 0 0.0 nan 0.86611402922 10.6920806485 9.36249608535 5.09926238707 0.351186553369 10.6752122839 0.371188069922
43 7626 0 0.0 nan 0.997719369999 10.7262302731 9.29183326225 5.07569994685 0.411415739647 10.6648597732 0.32509435839
44 7635 0 0.0 nan 0.959192412272 10.8628531917 9.19468623439 5.08211198759 0.418523283162 10.7551422171 0.296388776274
45 7644 0 0.0 nan 0.88311592253 11.0331885861 9.04079929842 5.09888948076 0.377573058561 10.7656013936 0.321499501059
46 7653 0 0.0 nan 0.872791341691 11.2768261775 8.85244571262 5.1058907424 0.330028831674 10.9404985412 0.341326929108
47 7662 0 0.0 nan 0.783191962085 11.2277764596 8.8663483986 5.1165075063 0.311427357089 10.8185184063 0.36025054107
48 7671 0 0.0 nan 0.714794773815 11.2924247943 8.75795422982 5.07355698176 0.396706201093 10.8333627407 0.335620112074
49 7680 0 0.0 nan 0.758084772577 11.0169986999 8.87197644651 5.08243362347 0.402225906978 10.70550216 0.36801667924
50 7689 0 0.0 nan 0.716329310061 11.4667297886 8.48072204353 5.06543546413 0.396590606714 10.7796136746 0.339085756012
51 7698 0 0.0 nan 0.752144260969 11.8032358209 8.11203913587 5.10522544903 0.343123637388 11.0034520999 0.297088549413
52 7707 0 0.0 nan 0.891706675537 11.938434034 7.91145744588 5.09040889043 0.41044683036 11.0754100759 0.267263862751
53 7716 0 0.0 nan 0.85408221041 11.8221812932 7.94250490496 5.08424194967 0.411189754114 10.9235184604 0.281937099687
54 7725 0 0.0 nan 0.870950847206 11.7875356217 7.83210446794 5.06318301342 0.411670252546 11.1512724178 0.255221461379
55 7734 0 0.0 nan 0.949158445925 11.9272764102 7.6509184587 5.07212891986 0.393032502506 11.4640081274 0.268437571897
56 7743 0 0.0 nan 0.90576125063 12.128481986 7.4920113682 5.08262920485 0.349575076709 11.38806753 0.322933495422
57 7752 0 0.0 nan 1.04193405893 12.1259637796 7.463532107 5.10764060875 0.233428817062 11.3214935943 0.440587020038
58 7761 0 0.0 nan 1.1055281104 12.6585699185 6.81215741941 5.1410962354 0.239192894698 11.6820784594 0.383626490184
59 7770 0 0.0 nan 1.15303092178 13.4583958848 5.95632034751 5.12336213444 0.255616015652 12.1150978571 0.424245735398
60 7779 0 0.0 nan 1.11092946805 13.600865656 5.72987006249 5.12371783735 0.281708203618 12.3390470739 0.432482710768
61 7788 0 0.0 nan 1.37144998952 13.1294028802 6.17604492663 5.13509131361 0.240595749665 12.0973600548 0.48837773479
62 7797 0 0.0 nan 1.1849938451 12.6119047124 6.81208787363 5.07233199458 0.312861072503 11.7566225307 0.511608780716
63 7806 0 0.0 nan 1.45455680243 13.2421521992 6.27362692409 5.08312631717 0.247071423318 11.9723928682 0.604926353833
64 7815 0 0.0 nan 1.451199664 13.2328202199 6.18039424734 5.09725354096 0.247563739485 11.8392895642 0.59636155452
65 7824 0 0.0 nan 1.45864032855 13.292498535 6.13914704285 5.10050444101 0.226609618024 11.9367159491 0.615351917204
66 7833 0 0.0 nan 1.58467165293 13.296654824 6.21851603827 5.11690061092 0.213167925776 11.8339667342 0.630947595491
67 7842 0 0.0 nan 1.56062791136 13.1417969167 6.36763961381 5.10450909479 0.24027852223 11.8877104628 0.595880257303
68 7851 0 0.0 nan 1.49062883566 13.4773786544 5.96407453969 5.10601715498 0.241713422109 11.9962299209 0.555137946873
69 7860 0 0.0 nan 1.43061798126 13.7408039925 5.69377101041 5.11400329118 0.227739784314 12.0975507705 0.504685086104
70 7869 0 0.0 nan 1.48786159273 14.1400843263 5.38710186937 5.12362188806 0.212284666472 12.2254654599 0.504906665007
71 7878 0 0.0 nan 1.42299679455 14.3512941346 5.17865811452 5.11532971196 0.220239109758 12.2707863851 0.50346351421
72 7887 0 0.0 nan 1.46736296115 14.6035294958 4.87891504999 5.11713079022 0.214197740079 12.3741360919 0.508396568395
73 7896 0 0.0 nan 1.34110490113 14.7345445918 4.69584401756 5.11220410192 0.218278052184 12.4151130618 0.497444337819
74 7905 0 0.0 nan 1.46500088271 14.6804069273 4.76782420778 5.13278989973 0.191414890169 12.3556686687 0.568589698554
75 7914 0 0.0 nan 1.4847250305 14.6844510224 4.78954783818 5.13760432643 0.189449454179 12.3616937158 0.607528810317
76 7923 0 0.0 nan 1.4487285712 14.6919134025 4.73570854788 5.14115811526 0.176830382199 12.34767624 0.635829568179
77 7932 0 0.0 nan 1.46254150903 15.1055957892 4.38726328687 5.14518729244 0.184725556948 12.5292005323 0.554090858351
78 7941 0 0.0 nan 1.60495514189 15.0539512317 4.51663827918 5.14402334917 0.185404802343 12.5154115825 0.553226946171
79 7950 0 0.0 nan 1.66827666225 15.2695755556 4.22498618775 5.1418287718 0.172363490278 12.6227362689 0.558094358419
80 7959 0 0.0 nan 1.64848739905 15.3574353688 4.11978824327 5.13447233716 0.192477518946 12.7684641919 0.550813278067
81 7968 0 0.0 nan 1.62609711911 15.7106444587 3.8360239408 5.13684256034 0.189179092141 12.9442440618 0.526470013989
82 7977 0 0.0 nan 1.67766551547 15.6729256356 3.81888177308 5.13299797122 0.179104954223 12.8822488598 0.630653841702
83 7986 0 0.0 nan 1.67628797716 15.5225343364 3.91709900928 5.12417171093 0.189765162466 12.8040121892 0.680878068333
84 7995 0 0.0 nan 1.68566636532 15.8061923351 3.6658771536 5.13926787337 0.175660092897 12.9504946316 0.613283486796
85 8004 0 0.0 nan 1.68985803508 15.8169039876 3.69697602805 5.14736637147 0.171181939359 12.9116161477 0.605315776717
86 8013 0 0.0 nan 1.69082838203 15.751800425 3.82651452162 5.1407843601 0.17353469459 12.8442356445 0.624774807756
87 8022 0 0.0 nan 1.72109238874 15.8295176591 3.84443871109 5.12747860122 0.181234166121 12.8398458615 0.622445071665
88 8031 0 0.0 nan 1.67190463213 15.820832884 3.78882341592 5.12162823446 0.18985842724 12.8670471309 0.634727214226
89 8040 0 0.0 nan 1.73163971596 15.9463481725 3.62239620306 5.1330484466 0.171239446961 12.9193959275 0.674110211971
90 8049 0 0.0 nan 1.66240172929 15.8074945019 3.71494752966 5.13779369543 0.170206494444 12.8839878959 0.655979535907
0 8050 0 0.0 nan 1.0 10.0 10.0 5.0 1.0 10.0 0.5
1 8194 0 0.0 nan 1.04650101329 9.91180942923 9.84835760701 4.87137909754 0.76221075142 9.98836536741 0.529628902847
2 8338 0 0.0 nan 0.992558901845 9.71409451469 9.63425077605 4.94984080723 0.485061364134 9.86109002626 0.69548366237
3 8482 0 0.0 nan 1.00986254442 9.51356344146 9.40783879616 5.04522060598 0.16371897755 9.79326820883 0.77322923872
4 8626 0 0.0 nan 1.1644877286 9.63524555552 9.10190219158 5.08332350378 0.0086068004529 9.66123704784 0.903274201316
5 8770 0 0.0 nan 1.27984224358 9.62897150441 8.58434363948 5.09801527893 -0.0665441122466 9.57493309236 0.94986770489
6 8914 0 0.0 nan 1.54958196043 9.84063147305 7.91407324798 5.10740652134 -0.188113156315 9.19935499898 1.12798001819
7 9058 0 0.0 nan 1.91438909915 9.87968052041 6.86015529781 5.10035839077 -0.158474898763 8.95335940523 1.25223981611
8 9202 0 0.0 nan 2.14359374282 9.74161164409 5.52709380506 5.12772064929 -0.114068717917 8.97518249053 1.28298942139
9 9346 0 0.0 nan 2.379181637 9.58223486657 4.63512656393 5.12047987966 -0.0119657946056 8.91232375448 1.28125608018
10 9490 0 0.0 nan 2.93412526806 9.406185171 3.96382075066 5.13971236939 0.0799696457191 9.07454319863 1.18092951993
11 9634 0 0.0 nan 2.87410979268 9.50766489422 3.74824354277 5.12808556067 0.117213994861 9.12548814689 1.30687579856
12 9778 0 0.0 nan 3.02302012559 9.48838971086 3.37049262407 5.12358250235 0.185513710592 9.04568159923 1.27862981603
13 9922 0 0.0 nan 2.97041064381 9.40635061005 2.9715591798 5.1303379243 0.2343324979 8.94305803328 1.28305940679
14 10066 0 0.0 nan 3.1039234308 9.60265051002 2.72382313011 5.12832124226 0.223133074804 9.34787809881 1.37840675665
15 10210 0 0.0 nan 2.90964294943 9.48314559311 2.5155985035 5.13128648681 0.2142851825 9.41333844473 1.49754820493
16 10354 0 0.0 nan 3.166520238 9.69114557862 2.51261344086 5.1378147928 0.174806852126 9.11969951915 1.55578167814
17 10498 0 0.0 nan 3.3015300141 9.75545721187 2.53534746004 5.13459929917 0.175514408265 8.94523933267 1.55728809299
18 10642 0 0.0 nan 3.01105798525 9.70349255201 2.46121626165 5.13435222971 0.174938950927 9.26963808182 1.607511953
