% # columns=["iteration, evaluation, sigma, void, void,  stds==sigma*sqrt(diag(C))", seed=215255, Mon Feb 22 01:50:29 2016
0 0 0.5 0 0 0.5 0.500003571441 0.500007142908 0.500010714401 0.500014285918 0.500017857462 0.500021429031
1 9 0.459645194075 0 0 0.462770193766 0.448053579231 0.451389895067 0.447967170906 0.446082710961 0.454580700117 0.460492292031
2 18 0.423930105572 0 0 0.424394215339 0.431400883257 0.430034127866 0.393966590376 0.403597140502 0.409630371823 0.414159809151
3 27 0.476017647545 0 0 0.498126867347 0.55394809123 0.489565583031 0.440367233836 0.448462252243 0.460249743912 0.4527868975
4 36 0.441356736168 0 0 0.461538297647 0.513232255563 0.457640096763 0.394589064589 0.422534285961 0.40889687945 0.402867731264
5 45 0.390082901376 0 0 0.394223295211 0.433435931322 0.405478607592 0.343157534705 0.366521523504 0.359954741741 0.355026327846
6 54 0.354305309374 0 0 0.360022976371 0.393836407999 0.365920493511 0.293635622824 0.329946019014 0.31760752307 0.319405952503
7 63 0.336991522097 0 0 0.348423917331 0.372445051685 0.354559703746 0.267565256652 0.304244747115 0.293605426714 0.301027877295
8 72 0.301415881844 0 0 0.322823250474 0.324032389318 0.314228163325 0.228291798506 0.268867606553 0.261877128568 0.263048265925
9 81 0.273086143315 0 0 0.29326428457 0.289281048522 0.280904833525 0.202678748392 0.247263901307 0.229029603774 0.227303486862
10 90 0.244179563677 0 0 0.275882347945 0.25027013996 0.246801355541 0.174123560338 0.218347247035 0.21187778603 0.194069604466
11 99 0.245119805042 0 0 0.302245716721 0.264495387075 0.244787190375 0.168406681843 0.215088404976 0.218876628819 0.190203175285
12 108 0.22465170346 0 0 0.273109777435 0.240507079404 0.220903659106 0.148951075275 0.193481800618 0.198793765702 0.170087079281
13 117 0.201002916258 0 0 0.242373829742 0.213579111018 0.193756912177 0.128210154737 0.173469088899 0.173915171581 0.148278546664
14 126 0.198655588616 0 0 0.243093366139 0.208684510648 0.186519501345 0.124269081732 0.174288813721 0.174638880613 0.138725225274
15 135 0.19783245368 0 0 0.254233995382 0.207939888676 0.183910779646 0.118504538507 0.169967598688 0.178234391332 0.141646318729
16 144 0.190199257194 0 0 0.243639272513 0.195203732423 0.177739979555 0.11154384992 0.167749023926 0.171505825702 0.133249565013
17 153 0.203996068754 0 0 0.254966757142 0.212360852973 0.195201682687 0.116982113417 0.178666602444 0.193304959751 0.138107057247
18 162 0.232289883997 0 0 0.286814984582 0.252573897928 0.220920211649 0.125328431011 0.202535790444 0.236166472528 0.153468495846
19 171 0.24327263037 0 0 0.290333702202 0.268793420573 0.223465770458 0.128276452584 0.209650148524 0.257560670529 0.156608471785
20 180 0.243105033373 0 0 0.296523243716 0.271024081 0.219348007159 0.123345923205 0.204635707713 0.258773328159 0.16554046631
21 189 0.245251108964 0 0 0.297219284063 0.270836419586 0.229305111867 0.119819346632 0.202985623531 0.275838260644 0.163098511031
22 198 0.221838125535 0 0 0.260161462706 0.245223675169 0.204681564338 0.105969307743 0.188329483735 0.242501511717 0.146122157056
23 207 0.218212637849 0 0 0.265437659728 0.235730283927 0.211249871902 0.10294323917 0.182405965496 0.238563441679 0.145216445079
24 216 0.215243236076 0 0 0.260027843793 0.226154906398 0.224334754559 0.0985457393277 0.174302114374 0.240520272465 0.140377811983
25 225 0.212312942458 0 0 0.264285146649 0.219273930341 0.226028682928 0.0904465142254 0.169503336201 0.231594610212 0.136798371539
26 234 0.208977889608 0 0 0.262676900243 0.218766702615 0.225452908803 0.0864929564076 0.161998879212 0.242973467967 0.135614592359
27 243 0.193276575636 0 0 0.237042457474 0.202060736194 0.204424281203 0.0773763262045 0.146345389807 0.221926671669 0.123694613978
28 252 0.192312525024 0 0 0.232718889179 0.208861667466 0.201422376246 0.0746743766521 0.146213329474 0.217998629521 0.121885767949
29 261 0.201622905759 0 0 0.244371639819 0.230340357221 0.212658440456 0.0749053353635 0.150834258338 0.254647530135 0.126255077772
30 270 0.20421782856 0 0 0.242550019313 0.235756135229 0.217255237782 0.0732096419608 0.148784213626 0.270559940876 0.128198120751
31 279 0.186230804439 0 0 0.224618492687 0.213505236476 0.195535664054 0.0660469211754 0.133833185976 0.245189996552 0.111553462394
32 288 0.177273902186 0 0 0.221598991044 0.20031763953 0.183375945929 0.0587807404356 0.128463303968 0.230972648626 0.109432992197
33 297 0.161085962531 0 0 0.200631616162 0.176073941302 0.1617776077 0.0510289372729 0.113412650745 0.210499152053 0.0982294671037
34 306 0.190949136259 0 0 0.238333529005 0.211913440007 0.198473548338 0.0594689586762 0.133004204009 0.312069079606 0.121563122568
35 315 0.207463086485 0 0 0.264298733953 0.224867978027 0.21065308186 0.0628890307982 0.150285180482 0.347893843169 0.133494666554
36 324 0.236434722863 0 0 0.298603994841 0.252938009959 0.243165853827 0.0689611985702 0.172692520862 0.399670031096 0.155259043587
37 333 0.230424299311 0 0 0.28759619854 0.242349655601 0.241278905816 0.0658805882396 0.169451674718 0.383786484182 0.151838917253
38 342 0.242217597576 0 0 0.305442079861 0.260477791112 0.263657665776 0.0658434365416 0.175670657692 0.418051941283 0.160079722438
39 351 0.245723304778 0 0 0.307043689694 0.272456715869 0.267739848886 0.0644014690764 0.175976823985 0.431304124244 0.161077371651
40 360 0.231555747356 0 0 0.290520079681 0.252028628663 0.248951177157 0.0596060342608 0.16222337883 0.392377754979 0.149914782356
41 369 0.256760695734 0 0 0.336848201605 0.297846899416 0.2862343892 0.0655556971691 0.177531709476 0.46520742514 0.160764553178
42 378 0.282642534572 0 0 0.376223213222 0.359999510647 0.320578902804 0.0693519795274 0.193954842068 0.517168929846 0.18098726582
43 387 0.323660452866 0 0 0.419887293501 0.453794890427 0.405054645763 0.0778034008954 0.212249644248 0.669235479443 0.204004788128
44 396 0.351785631782 0 0 0.470695760458 0.531150606589 0.436411108561 0.0817122883231 0.226105040898 0.740304487154 0.226055635273
45 405 0.319923541729 0 0 0.416006138174 0.484121768371 0.401119392133 0.0724113897303 0.202574623065 0.691927210982 0.202414847498
46 414 0.328024494327 0 0 0.462599742848 0.487655051438 0.400824075608 0.0722549518034 0.204929109412 0.689917826169 0.205407567586
47 423 0.307558125241 0 0 0.434223443128 0.447499706891 0.369725302988 0.0649245117086 0.195668967529 0.63945999342 0.196293218257
48 432 0.282183243072 0 0 0.402292924111 0.397828866146 0.335592343492 0.0585144657183 0.170147276959 0.572843163571 0.177195769281
49 441 0.285848728289 0 0 0.422794239457 0.400941506791 0.339223151557 0.0590249175653 0.169137687237 0.610374238959 0.182876876673
50 450 0.286638978458 0 0 0.418641145008 0.397789410753 0.37063762328 0.0570025170901 0.162677728798 0.626954503228 0.178295441156
51 459 0.2612506619 0 0 0.378630425369 0.338880067976 0.322128067605 0.0511486158111 0.141544022153 0.52760366931 0.161224371014
52 468 0.269093721567 0 0 0.376512590213 0.350987470423 0.326153214949 0.0515609485321 0.147066652679 0.534019138518 0.171087356436
53 477 0.246458451943 0 0 0.337701779331 0.326139300159 0.29099953063 0.0466267613066 0.130627576799 0.491813726795 0.153674707258
54 486 0.247015659803 0 0 0.334534315963 0.357383008561 0.284749854006 0.0456984961821 0.129348252646 0.504983424222 0.15476980368
55 495 0.218216399347 0 0 0.290774516501 0.310034002575 0.246285354319 0.03982349636 0.110838941983 0.441495047658 0.137916089934
56 504 0.224354932801 0 0 0.297190912594 0.338864836704 0.284281748857 0.0392496630932 0.110330268938 0.481900190299 0.140974607051
57 513 0.211910053206 0 0 0.274579207616 0.315620848562 0.274218182009 0.0359621668876 0.102085993992 0.455496025525 0.129047655973
58 522 0.213287924684 0 0 0.275927590805 0.334315968066 0.288744026654 0.0356793227726 0.0989554517519 0.475902869969 0.128942113284
59 531 0.201468441927 0 0 0.256937533935 0.316347056546 0.279211189179 0.0325934025366 0.0918991880542 0.452597264418 0.118589316606
60 540 0.192628747893 0 0 0.243640250755 0.291264192235 0.259862944134 0.0307079797004 0.0829777647652 0.424132311589 0.105137599549
61 549 0.185300452072 0 0 0.232863717666 0.28002039771 0.261303737428 0.0289419159134 0.0769250270751 0.418851752591 0.0986827821477
62 558 0.190169337771 0 0 0.239825962022 0.307899833536 0.277084710812 0.0280687386973 0.076431407526 0.441781452981 0.101790574371
63 567 0.17717518986 0 0 0.221755429007 0.286461431506 0.257997909479 0.0254506274226 0.0699787195844 0.4100456719 0.095296978847
64 576 0.182676285833 0 0 0.23222456006 0.310073312666 0.269284702183 0.0250726106117 0.070025356412 0.449560356236 0.103673071124
65 585 0.205404026559 0 0 0.258303664902 0.402831269082 0.331928627158 0.0278682185816 0.0761506990931 0.583766823488 0.117848147659
66 594 0.227890693142 0 0 0.275528013657 0.472254326371 0.381816626102 0.030332147423 0.081658058276 0.694722589109 0.136186752769
67 603 0.216231539731 0 0 0.265850606238 0.429390886079 0.352553163109 0.0289293175177 0.0754380315141 0.64464795378 0.124489572347
68 612 0.223934022772 0 0 0.285859245217 0.439301395659 0.360413793808 0.0293345418008 0.0745312143159 0.656173051709 0.122901656353
69 621 0.22404308611 0 0 0.283805060809 0.426946001995 0.367326548435 0.0288780209472 0.0724714682585 0.645981509691 0.119228416413
70 630 0.213315643653 0 0 0.282894412319 0.39031814938 0.331760080109 0.0270547418384 0.0675761748332 0.582920569328 0.11316173018
71 639 0.210935158267 0 0 0.282362979987 0.384095889121 0.323447755763 0.0260188128622 0.0641835355391 0.567273216185 0.108743079911
72 648 0.210355605396 0 0 0.280040154229 0.377397176925 0.326533727095 0.0248232531035 0.0627039124133 0.555119882425 0.109638973727
73 657 0.256500878475 0 0 0.336109983004 0.458579989625 0.401219105315 0.0302321219969 0.0729754413835 0.667646004403 0.131898593818
74 666 0.332965158377 0 0 0.435136552286 0.592877213103 0.504424644049 0.0388630291879 0.0923305314697 0.846040621857 0.167526471643
75 675 0.354086093171 0 0 0.457928625576 0.62441772371 0.556209492824 0.0403591840172 0.0954452228256 0.895554802252 0.175038460549
76 684 0.393124515239 0 0 0.50295054652 0.69634616894 0.613405550206 0.0432048069447 0.103809604744 0.978539945486 0.19127153639
77 693 0.396731880145 0 0 0.50011551888 0.693387442038 0.613521286944 0.0434814453069 0.102731028167 0.962576665428 0.192082683789
78 702 0.410312758255 0 0 0.502324490142 0.710162247274 0.667416042715 0.04354058938 0.101534513785 1.01237857598 0.190643065318
79 711 0.429608480786 0 0 0.512134549097 0.764230617198 0.74705727789 0.045251440172 0.10330631089 1.12377706534 0.199929761764
80 720 0.424200333308 0 0 0.514268514685 0.757258850026 0.743081673098 0.0437395458374 0.0998019200406 1.10190275825 0.197011311402
81 729 0.419715597026 0 0 0.513664218389 0.777773329929 0.727448775404 0.0426359710842 0.0950826734517 1.10039384694 0.18738590948
0 730 0.5 0 0 0.5 0.500003571441 0.500007142908 0.500010714401 0.500014285918 0.500017857462 0.500021429031
1 748 0.475228374268 0 0 0.473095105707 0.502108154155 0.464447035594 0.451230240571 0.479861451073 0.456608114305 0.455118282687
2 766 0.429781785911 0 0 0.425975007465 0.446591606511 0.495870484385 0.378297479329 0.419874867502 0.400538361961 0.406632159857
3 784 0.386286750429 0 0 0.380687971894 0.419422166466 0.442062888394 0.304922437504 0.363861520797 0.349137927761 0.356150834039
4 802 0.32221477314 0 0 0.312171250289 0.344486052142 0.36977925991 0.24326943646 0.290188344741 0.274736247196 0.27635868378
5 820 0.268172730479 0 0 0.255491676284 0.273147951235 0.297338619479 0.192976541112 0.248759075486 0.222890575853 0.224281201957
6 838 0.279646821008 0 0 0.247751289034 0.276061693421 0.299558760705 0.196949338322 0.264924886142 0.234066252647 0.23789891001
7 856 0.278392603744 0 0 0.243323173078 0.268712039903 0.308850216539 0.183638703188 0.258347511809 0.238712452562 0.233024769587
8 874 0.296211987883 0 0 0.268352480829 0.280142083596 0.378645665774 0.185262613597 0.275171697483 0.253221427968 0.238317060407
9 892 0.298218743395 0 0 0.267830791391 0.300050507201 0.38607646488 0.17957244787 0.278231068972 0.247188085904 0.243939542896
10 910 0.279667223548 0 0 0.241420108708 0.285402827609 0.353710780261 0.160754258976 0.254929208445 0.233835550594 0.22816227884
11 928 0.221427850013 0 0 0.195116658701 0.233894743205 0.285921628173 0.115896559466 0.202192790775 0.184885875209 0.172514807431
12 946 0.250171861985 0 0 0.232068765849 0.287900146182 0.316324646134 0.122396630717 0.225884764262 0.209160208762 0.207200289564
13 964 0.266476443457 0 0 0.248440719 0.316067184484 0.327209807212 0.123207164816 0.230210137555 0.231532237851 0.212865284955
14 982 0.248697972273 0 0 0.228075900985 0.300927654981 0.289458246236 0.105377581682 0.21164551478 0.231734200227 0.197466503478
15 1000 0.269618290236 0 0 0.238201071897 0.352882817562 0.361335733327 0.108144215824 0.217197600203 0.257463024556 0.21544312365
16 1018 0.288576339687 0 0 0.253847275155 0.409287495736 0.400374742926 0.109827743517 0.228823051927 0.279004798382 0.219738422717
17 1036 0.263892313434 0 0 0.227810343581 0.377815019772 0.356951974424 0.0933408033833 0.205977476777 0.255703633789 0.204687950865
18 1054 0.276082664142 0 0 0.238004397687 0.436960221746 0.377432312521 0.0903020332838 0.204102225264 0.26177415538 0.208228901445
19 1072 0.27586454804 0 0 0.23175041269 0.421788515558 0.390846966639 0.0834182030606 0.202674221298 0.250708772495 0.209585400083
20 1090 0.267792856499 0 0 0.220912917597 0.41236479089 0.399091710216 0.0772693458304 0.187511203119 0.244072557926 0.203067835891
21 1108 0.285596626587 0 0 0.233225562219 0.446705134714 0.471339234381 0.0795143387312 0.184430739648 0.25519503049 0.213439966673
22 1126 0.361677015547 0 0 0.291795235803 0.576023257967 0.610743553006 0.0942450455223 0.223932705873 0.364880613623 0.261494615157
23 1144 0.439994764475 0 0 0.348668566124 0.700669927189 0.886045377393 0.105764622017 0.256842035732 0.436619779604 0.326105362704
24 1162 0.471765120877 0 0 0.367858442247 0.756115093752 1.01255016884 0.109071277568 0.263327196015 0.467067285522 0.338161546688
25 1180 0.478398290921 0 0 0.388939992722 0.809150566332 1.08090149041 0.102556274275 0.252612992656 0.462009701437 0.336712980975
26 1198 0.37984497985 0 0 0.304574100272 0.607969616857 0.828803426312 0.078262234476 0.186868545141 0.359565128741 0.250470213607
27 1216 0.321651720479 0 0 0.257096595662 0.49661272918 0.688206265376 0.063569683631 0.148053144354 0.288986958551 0.204765496907
28 1234 0.298549153518 0 0 0.232973012195 0.475080200628 0.649579900606 0.056857218476 0.126545171142 0.266179055742 0.180503670509
29 1252 0.269917097855 0 0 0.215424882813 0.406698514379 0.546512919157 0.0481475660861 0.105811989996 0.248266492729 0.155680793905
30 1270 0.26081161161 0 0 0.206106457209 0.395474605852 0.537471715221 0.0438708951114 0.101031487836 0.236825737918 0.150446839953
31 1288 0.277669310258 0 0 0.215655249592 0.43380156604 0.593937838259 0.0456321996871 0.102213295486 0.247139810735 0.157048118846
32 1306 0.30197598928 0 0 0.230883304369 0.53033754676 0.660971380511 0.0476171719938 0.106983088734 0.268676662702 0.168223671159
33 1324 0.296914544165 0 0 0.211028651583 0.535371262137 0.686663106001 0.0455256839045 0.0971809156051 0.26148875214 0.16064068676
34 1342 0.293063633439 0 0 0.199780853536 0.535860069735 0.707119359582 0.0423133839903 0.0898820564987 0.256541180554 0.156153800892
35 1360 0.325312551655 0 0 0.215073590978 0.618786769063 0.878744768392 0.045079239028 0.0907111348773 0.275711242198 0.167144476011
36 1378 0.360060204844 0 0 0.226802227752 0.743168580155 1.08136529291 0.0489771860013 0.0957720816168 0.316702781212 0.178709231277
37 1396 0.366658095994 0 0 0.247942701894 0.777959214081 1.10243891938 0.0481726397216 0.0897888119425 0.329732272174 0.179840544176
38 1414 0.357363164333 0 0 0.232636801698 0.759619065246 1.00769098369 0.0455284633361 0.0836259812097 0.329217234424 0.18070115357
39 1432 0.355427634734 0 0 0.224565586055 0.743505920901 0.963100242615 0.0435687815356 0.0790051082425 0.335181940399 0.176629558301
40 1450 0.350613607425 0 0 0.220270762745 0.732881230255 0.921098576705 0.0414865480168 0.0712966959898 0.362040970266 0.163303852542
41 1468 0.300878522577 0 0 0.184563669453 0.611701118557 0.768240321886 0.0340196154075 0.0575553594463 0.310326180199 0.130624367641
42 1486 0.261089344861 0 0 0.155884434349 0.50440141443 0.627991309587 0.0276766191497 0.0477716520086 0.265637692402 0.115105407528
43 1504 0.233196407711 0 0 0.133006579475 0.424343466027 0.530397990022 0.0235339538148 0.0400081788417 0.237854421518 0.100975607747
0 1505 0.307702351847 0 0 0.307702351847 0.307704549729 0.307706747627 0.30770894554 0.307711143469 0.307713341413 0.307715539374
1 1517 0.290562650101 0 0 0.291333406158 0.288637736874 0.305845983876 0.282933175828 0.286203629618 0.279754446016 0.280164000218
2 1529 0.281763714324 0 0 0.284034018205 0.284485962301 0.29711109126 0.255089843875 0.279726150914 0.268556248799 0.269189597637
3 1541 0.245963320251 0 0 0.245454755782 0.246877773318 0.251851422566 0.214290260579 0.241246280185 0.233059528326 0.223619794417
4 1553 0.247321740123 0 0 0.242442401305 0.247695800763 0.257536673681 0.212178115994 0.242572777296 0.240576537048 0.218477667101
5 1565 0.230072765197 0 0 0.222552204115 0.224213632611 0.233716542211 0.197746900733 0.227995126043 0.221868874133 0.194499603565
6 1577 0.226603141746 0 0 0.21677814547 0.235949597389 0.226607147612 0.186452205512 0.221301764888 0.222251055508 0.183171807642
7 1589 0.21501417556 0 0 0.214968169764 0.227715121343 0.212808451455 0.166143472939 0.203103107287 0.215480318223 0.170760396411
8 1601 0.197160373333 0 0 0.192991184737 0.205127717944 0.187613469674 0.146307692883 0.180600176534 0.198749340006 0.153000518876
9 1613 0.189010550778 0 0 0.181339888834 0.194100265872 0.181377631707 0.130559122841 0.170820215689 0.197078662625 0.142924483231
10 1625 0.177074545009 0 0 0.168923474084 0.175066254563 0.169598622589 0.11739634824 0.158800436567 0.179536847805 0.133536732386
11 1637 0.158650205407 0 0 0.150348031042 0.156381288721 0.149910917122 0.1016841754 0.137844868299 0.158886504738 0.118422731996
12 1649 0.147399251174 0 0 0.139389503617 0.1408225687 0.137544010902 0.0887414328966 0.13337364543 0.146388909872 0.107042672561
13 1661 0.122568255178 0 0 0.114661183107 0.112202095975 0.11436421607 0.071730968673 0.105608873183 0.119831093844 0.0876598802135
14 1673 0.106876624938 0 0 0.097072757795 0.0978604638208 0.0958135397815 0.0596751482996 0.0929386014506 0.10535004552 0.075256499586
15 1685 0.102360127205 0 0 0.0918567773271 0.0945994284608 0.0973414911848 0.0540998083464 0.0880979923513 0.0994819235888 0.0714436827685
16 1697 0.107119761754 0 0 0.0992547850426 0.0993511780186 0.106843735499 0.0525693821708 0.0896123954039 0.105687963784 0.0748221591836
17 1709 0.143240093924 0 0 0.132748417224 0.137275732765 0.14920959904 0.0685280422492 0.119513158286 0.142295418161 0.109294352754
18 1721 0.159703109401 0 0 0.141333264969 0.153198831795 0.16222821237 0.0721541536009 0.127604564616 0.156323083613 0.120054189705
19 1733 0.164409827627 0 0 0.141081562899 0.154739142003 0.171893493137 0.0729472924472 0.131244216555 0.16393555177 0.120066960871
20 1745 0.163685482575 0 0 0.145406389261 0.152130908027 0.170428424224 0.0704746637661 0.127482572074 0.163096409712 0.116291129369
21 1757 0.172420605154 0 0 0.150833861556 0.163239018336 0.181988006182 0.0726775878264 0.149050925038 0.175159213369 0.129351241996
22 1769 0.183647959023 0 0 0.164319031848 0.172613617599 0.207989413264 0.0751490705285 0.165233783372 0.211465921884 0.138418725033
23 1781 0.188742767873 0 0 0.163486319376 0.178533688544 0.22904468968 0.0745534297922 0.172157923572 0.216900256868 0.144520176353
24 1793 0.198031438125 0 0 0.16940773682 0.189006607696 0.255959164623 0.0751510661153 0.176639513003 0.222619363468 0.148164131918
25 1805 0.24912315988 0 0 0.207602470128 0.238360847661 0.343567825578 0.0917334364566 0.21226297401 0.286039289445 0.181699477145
26 1817 0.277577071827 0 0 0.227045562876 0.272270697788 0.389669997474 0.0968314155042 0.228086408924 0.307145004107 0.199487651887
27 1829 0.292605089281 0 0 0.237287853083 0.295774785737 0.431483998218 0.0988927858589 0.227863913119 0.322020121709 0.213420443606
28 1841 0.286754105866 0 0 0.233267972755 0.286877286541 0.428712727034 0.0912665634084 0.214168401853 0.30802503209 0.197858597594
29 1853 0.269667449942 0 0 0.229785401848 0.269443559252 0.392812322273 0.0848871932429 0.188843943749 0.283833035157 0.177499612774
30 1865 0.245458117728 0 0 0.205789492958 0.239048887944 0.339665804123 0.0755019544345 0.167041509434 0.249331477994 0.154107160369
31 1877 0.236146130499 0 0 0.196370332572 0.23224821897 0.319706754185 0.0703349860774 0.160254431298 0.236169685939 0.153731460219
32 1889 0.256854337187 0 0 0.21273792537 0.250327873152 0.339652697723 0.0745220124344 0.181180691056 0.256319281638 0.189614448676
33 1901 0.26805739717 0 0 0.223252604678 0.256996502165 0.362507952198 0.0742037784476 0.181372536154 0.272981603699 0.204701301262
0 1902 0.5 0 0 0.5 0.500003571441 0.500007142908 0.500010714401 0.500014285918 0.500017857462 0.500021429031
1 1938 0.417653551875 0 0 0.402331698666 0.403555527295 0.406937256744 0.38584027915 0.391558925867 0.416841153808 0.395161330551
2 1974 0.364946506755 0 0 0.337586851377 0.344853215979 0.355526527768 0.29195551345 0.319272350415 0.344811778662 0.327225090286
3 2010 0.34171526469 0 0 0.301579191071 0.308850748964 0.345881375533 0.248899230482 0.278942070498 0.317015762176 0.288610743542
4 2046 0.410441536607 0 0 0.360147144385 0.403865095344 0.432368845228 0.271031692295 0.326056705007 0.391638395309 0.322506410708
5 2082 0.451000389672 0 0 0.39046823234 0.428188628408 0.457623065709 0.276305176884 0.383245413521 0.417943512023 0.322405237631
6 2118 0.452711306839 0 0 0.395649854485 0.428375409488 0.446855954293 0.249918441408 0.366882055966 0.445964378123 0.300151733021
7 2154 0.486108416725 0 0 0.411470354652 0.520580829746 0.511187606146 0.236494948759 0.384748579887 0.45697066608 0.309642788931
8 2190 0.49189262416 0 0 0.417837074332 0.512007304903 0.546900176568 0.210303640093 0.410647324351 0.443101216594 0.306810251258
9 2226 0.517383259662 0 0 0.452058419706 0.546476030908 0.62274550715 0.199384386091 0.435494809143 0.495298784469 0.311979684548
10 2262 0.465840930659 0 0 0.392547180275 0.489680187717 0.534531270233 0.156347550331 0.352630688511 0.432998998595 0.286811823225
11 2298 0.412213188845 0 0 0.332284119513 0.41142841697 0.4746657497 0.125873271801 0.290465902253 0.374267179679 0.242936707813
12 2334 0.376346640434 0 0 0.296733944282 0.373235962293 0.446076510158 0.102930701512 0.250640427613 0.369808676402 0.215412753895
13 2370 0.317775583235 0 0 0.233121760319 0.306876143277 0.378427624658 0.0772380415169 0.200512832145 0.297902195429 0.169689859764
14 2406 0.334069013859 0 0 0.239444528029 0.322892531253 0.417220155043 0.0726404666459 0.204608044232 0.31533514276 0.196969802837
15 2442 0.407336560321 0 0 0.370522659602 0.406767492969 0.573344676658 0.0803615138796 0.23549251758 0.383382472178 0.270974347757
16 2478 0.464094315118 0 0 0.419307978568 0.490221063481 0.706783669751 0.0849311844413 0.253827909184 0.425081541797 0.317096259387
17 2514 0.527270093438 0 0 0.535236356865 0.599531519319 0.788242869922 0.0841728498443 0.275702003402 0.464726731262 0.360664492187
18 2550 0.491360812705 0 0 0.477811036394 0.522249378941 0.742357176604 0.0700504637375 0.229176422321 0.402444456787 0.323683825584
19 2586 0.621976960375 0 0 0.594971591839 0.631231297737 0.97908809807 0.0809058358053 0.285079515906 0.54199657576 0.42905665083
20 2622 0.65462714126 0 0 0.606087190785 0.620190288738 0.935638982188 0.0744056448778 0.270799377906 0.559034477751 0.424709347219
21 2658 0.826205097003 0 0 0.787299672287 0.773871096633 1.29227028811 0.0871324028156 0.32072731454 0.705815420678 0.498960782218
22 2694 1.06950565985 0 0 0.968597338521 0.965960003662 1.79079636482 0.106085343059 0.382894598411 0.956301840521 0.605969174015
23 2730 1.19170925771 0 0 1.15113370815 1.05186961419 1.80954259876 0.109488459396 0.38130557191 1.03509320902 0.630179073631
24 2766 1.13411397095 0 0 1.09074238665 0.940352738053 1.56829051967 0.0947075495642 0.321700151417 0.996406261665 0.547082163526
25 2802 1.10093078336 0 0 1.10480853275 0.923564008916 1.48344083317 0.0858286871878 0.2867669541 0.921427021357 0.512496628682
26 2838 1.09985453849 0 0 1.06562769343 0.85356110591 1.40059535532 0.0779491633568 0.259713986008 1.09551769661 0.503949013405
27 2874 1.09935241937 0 0 1.09844841716 0.786448541054 1.42034595041 0.0726514920223 0.232635436734 1.11293114304 0.477172348456
28 2910 1.06208459059 0 0 1.07355148725 0.72536392894 1.33685542437 0.0642381546866 0.198793972846 1.04471404075 0.419010353154
29 2946 0.875815285467 0 0 0.806409559256 0.593961333882 1.02155311916 0.0496795648186 0.146770353492 0.838448282456 0.323683869686
30 2982 0.798301304195 0 0 0.694600290845 0.570295847247 0.870376833744 0.0414532121785 0.12469103913 0.787545243955 0.276747456488
31 3018 0.693430091417 0 0 0.562022243942 0.522582440922 0.694830130151 0.0341746836104 0.100508636634 0.677941591348 0.23742386481
32 3054 0.686893877602 0 0 0.524210263233 0.532604315393 0.676789217832 0.0315730989741 0.0956965350813 0.689399434489 0.230184417439
33 3090 0.610922045057 0 0 0.433214612569 0.51737968395 0.548040516942 0.0258357054892 0.0779124104164 0.63251019791 0.188738428443
34 3126 0.592013157558 0 0 0.441031770201 0.477020607553 0.494328955832 0.0226039545704 0.0698705630124 0.623618301259 0.177774423195
35 3162 0.577220644466 0 0 0.432894962188 0.463243620907 0.435638988957 0.0201389345093 0.0624302738487 0.657541272976 0.17197653774
36 3198 0.503821219716 0 0 0.373998701901 0.422440183087 0.338597806997 0.0160405455949 0.0488454443669 0.573784164964 0.136920344216
0 3199 0.0399631569659 0 0 0.0399631569659 0.0399634424181 0.0399637278723 0.0399640133285 0.0399642987867 0.039964584247 0.0399648697094
1 3226 0.0503682486276 0 0 0.050435397595 0.0511371838732 0.0497268789293 0.0543990321734 0.0519842005724 0.0567724561937 0.0509109335322
2 3253 0.0721671622851 0 0 0.0694878155732 0.0723625899064 0.0707584016136 0.0785353306665 0.0771344794 0.0784988151811 0.0711468347522
3 3280 0.0987091230792 0 0 0.095810292524 0.0981074381952 0.09678239196 0.0992285952712 0.109342503609 0.107353421733 0.0999467680447
4 3307 0.132835436134 0 0 0.125829302915 0.126682787111 0.131888167418 0.123670054387 0.14062714224 0.152242187045 0.140383813802
5 3334 0.1477725518 0 0 0.139844688256 0.132936835257 0.160760291449 0.122883192151 0.151683201271 0.173105705077 0.150490001403
6 3361 0.168899253003 0 0 0.160119843209 0.14374845132 0.188503900626 0.131391823809 0.177792583165 0.20246864395 0.16768078937
7 3388 0.159505899506 0 0 0.154503948043 0.140852982112 0.174701755806 0.106624337548 0.156244403014 0.197114993226 0.153744783591
8 3415 0.201436395858 0 0 0.191058746815 0.169247209088 0.231490153204 0.133401486619 0.19952806046 0.257362777747 0.179023032881
9 3442 0.199597522819 0 0 0.182329397459 0.172887764191 0.232069804994 0.12232471162 0.186428302067 0.255587575216 0.161688668644
10 3469 0.211882514141 0 0 0.188909950258 0.207736606516 0.248498774178 0.116081335718 0.190516853884 0.279330091837 0.163481693546
11 3496 0.250870784716 0 0 0.230175975351 0.247350132383 0.367331295208 0.123628876673 0.230396916586 0.329706406994 0.191170302738
12 3523 0.295947176883 0 0 0.274866688152 0.317900370669 0.449220795986 0.139645750796 0.277646632126 0.366940279457 0.215967575179
13 3550 0.313601281855 0 0 0.2827646734 0.338852286901 0.465121106358 0.139472589058 0.285554057401 0.361556164544 0.245029980958
14 3577 0.329738706287 0 0 0.286550212037 0.383310643889 0.512782390819 0.136119185205 0.296216425959 0.375058719368 0.244363167625
15 3604 0.387199378747 0 0 0.37522116632 0.463129257204 0.563254037902 0.146920787356 0.331728353619 0.45838774427 0.274560518009
16 3631 0.39507107742 0 0 0.390713262857 0.474426582328 0.587449867205 0.140176745001 0.313690481528 0.457746519275 0.268202319577
17 3658 0.431956445612 0 0 0.449237965251 0.507120521108 0.647378682922 0.145553917884 0.368109549765 0.503711590572 0.331327602545
18 3685 0.374910412715 0 0 0.379189315881 0.417243495145 0.537068557205 0.115457990571 0.302490481075 0.466514171438 0.290675563398
19 3712 0.360486604769 0 0 0.360040450043 0.37108385429 0.53615310178 0.101560913362 0.272608990602 0.442504666138 0.265264230641
20 3739 0.339479605813 0 0 0.329951020194 0.364793017549 0.493151377772 0.0886112088614 0.253659147103 0.409457058776 0.253809986459
21 3766 0.372487829361 0 0 0.387647246393 0.380034060595 0.634572202379 0.0881704834306 0.252660449028 0.416558356279 0.26741321199
22 3793 0.419933495722 0 0 0.456882907459 0.438156659499 0.779569369757 0.0904127920581 0.269519315698 0.454294651395 0.288503358281
23 3820 0.504991956525 0 0 0.635819099926 0.51056155169 1.00597121086 0.100131224367 0.317210462802 0.520053344024 0.336389217126
24 3847 0.496191774816 0 0 0.669021514682 0.510056287061 0.971549606472 0.0889910656683 0.27593754906 0.552503250592 0.306923937204
25 3874 0.522937557106 0 0 0.746642402909 0.593375396948 1.02081422072 0.0866008001537 0.270983654432 0.598901435205 0.302857902839
26 3901 0.545638346016 0 0 0.753615030216 0.697611972105 1.07575441847 0.0806882759749 0.263912186267 0.611795067889 0.308806136927
27 3928 0.571786558698 0 0 0.803336158644 0.731714494552 1.18667760908 0.085002255151 0.253186440309 0.623731780193 0.309787179959
28 3955 0.547549109229 0 0 0.76384349514 0.67200080985 1.17517654702 0.0767202913428 0.223509191544 0.581149109925 0.289231984285
29 3982 0.62585885655 0 0 0.927807501818 0.775267796221 1.44447599659 0.084177259162 0.244546269287 0.648241123707 0.316770017447
30 4009 0.593039173458 0 0 0.883765098707 0.702765328866 1.39744081472 0.0736407649112 0.209949012841 0.615327286074 0.287682425115
31 4036 0.471441301108 0 0 0.685858279042 0.536661225169 1.04769564964 0.0533860677266 0.156375835525 0.472634867701 0.219289042305
32 4063 0.484509818518 0 0 0.656625783415 0.541244110365 1.01925168171 0.0518869198029 0.144302747677 0.482897146148 0.231051708042
33 4090 0.56769094026 0 0 0.744965596316 0.610069551845 1.32028514381 0.0569830277989 0.151400617223 0.554536882132 0.273999790497
34 4117 0.539377257302 0 0 0.685642309605 0.604417880519 1.21359717428 0.0506926171699 0.132275574002 0.52143750747 0.256096153504
35 4144 0.626696587564 0 0 0.773217966329 0.705475900536 1.40375305176 0.0533776197855 0.139214490694 0.680337862125 0.312633754789
36 4171 0.592188167025 0 0 0.730458901329 0.666627364356 1.24958347657 0.0474430404643 0.123528507316 0.620113844368 0.287437225908
37 4198 0.603956516058 0 0 0.719386778155 0.672644840241 1.178458099 0.0434408629411 0.117718069258 0.667737950975 0.296088907528
38 4225 0.556244762395 0 0 0.637102812676 0.631882764693 1.00391236757 0.0379654104481 0.10363502254 0.628630642989 0.262915405402
39 4252 0.562833266875 0 0 0.636965683373 0.642000891334 0.974127043791 0.0375331424788 0.105904393029 0.660348867441 0.255666352353
0 4253 0.5 0 0 0.5 0.500003571441 0.500007142908 0.500010714401 0.500014285918 0.500017857462 0.500021429031
1 4325 0.542826750103 0 0 0.607833555595 0.603436714213 0.499925977381 0.449964861982 0.589672022639 0.549268017118 0.472280419672
2 4397 0.530776547511 0 0 0.642592113962 0.626566745105 0.487070762521 0.333551906142 0.537834037638 0.517657798948 0.407015694312
3 4469 0.489901105404 0 0 0.585625277558 0.595469130214 0.452933360431 0.247443643027 0.470089083626 0.490834922663 0.326363725383
4 4541 0.478740415985 0 0 0.529672310986 0.538999876772 0.43679282183 0.184254090702 0.471863681859 0.506462780572 0.308887443318
5 4613 0.444481086756 0 0 0.486511902927 0.565837484526 0.404801068997 0.14739502147 0.394567371025 0.496992195549 0.276665654198
6 4685 0.421548342413 0 0 0.459909537825 0.535237941251 0.376197622234 0.109115254983 0.333988954934 0.522588226548 0.243975670792
7 4757 0.437325183916 0 0 0.448734485888 0.601231662716 0.364740364144 0.0940932670595 0.309320318342 0.558550223594 0.250327827121
8 4829 0.493662054187 0 0 0.485616659582 0.744449717588 0.370779938571 0.0960682439967 0.30575998012 0.663386780164 0.283311000545
9 4901 0.552711871061 0 0 0.62181133859 0.899487018133 0.431575113155 0.0914779685716 0.325351662826 0.748710587299 0.31542845525
10 4973 0.571877892554 0 0 0.645252406526 0.982665184881 0.434910142006 0.0752723403353 0.281925230254 0.83231271435 0.305749768268
11 5045 0.716568874099 0 0 0.771798343109 1.23873836912 0.542982176602 0.0795409275057 0.283877325257 0.992624191292 0.357568564664
12 5117 0.808710589147 0 0 0.791131795134 1.40832605429 0.684008648443 0.0747935535827 0.266295981545 1.03964478077 0.380230944947
13 5189 1.02283811151 0 0 0.95726534314 2.00249436228 0.866802780303 0.082000111066 0.265684306037 1.38424011903 0.392696207253
14 5261 1.22354203251 0 0 1.1059422213 2.29204653664 1.01324033659 0.0889702672318 0.259520891248 1.62610601836 0.435715152054
15 5333 1.42147687663 0 0 1.1441748309 2.34747719105 1.21983467536 0.0873046182192 0.264082510206 1.98002055072 0.472509509372
16 5405 1.5013185007 0 0 1.15010227403 2.40705472801 1.39750488736 0.0803940653406 0.230976080723 1.93555483778 0.446363480746
17 5477 1.65204897914 0 0 1.34956041534 2.78619377644 1.59033605122 0.0746059214385 0.198880840972 2.05400244347 0.424041743115
18 5549 1.9298475094 0 0 1.61257527243 3.13574936491 2.24065492139 0.0782145585991 0.182623242697 2.34323985282 0.411417945479
19 5621 2.03968026157 0 0 1.69925425602 3.19360285021 2.28925890367 0.0785445841513 0.154248662088 2.53447633301 0.387228975913
20 5693 1.74999997942 0 0 1.31401676843 2.56127389537 1.86271035049 0.0625362399181 0.114241872095 2.2829936835 0.29300549912
21 5765 1.58778853894 0 0 1.09212081501 2.06012714272 1.40292842397 0.0490889141494 0.084452464287 2.02079540643 0.244639100748
22 5837 1.66062197385 0 0 1.16737925469 2.25428357338 1.56164685781 0.0445253885306 0.0700994609768 2.12580924639 0.238989958083
23 5909 1.43985090457 0 0 0.942435305223 1.84656220155 1.22028294359 0.0345466034552 0.0512529879849 1.72659895698 0.182796919223
24 5981 1.43674251382 0 0 0.8440013398 1.67543009811 1.18699848114 0.0296468163994 0.0464099470896 1.71709976001 0.188597177525
25 6053 1.52376628752 0 0 0.966526312855 1.90982848256 1.17927526041 0.026196991029 0.047232318427 1.77469489833 0.203212940994
26 6125 1.50557111979 0 0 0.906902540884 1.83180798004 1.02534723703 0.0224331442466 0.0488759749906 1.6646175333 0.209791100282
27 6197 1.42374422155 0 0 0.851148480614 1.76038609154 0.887446193114 0.0187602415669 0.0413848025774 1.66977680791 0.18178342774
0 6198 0.259171493194 0 0 0.259171493194 0.259173344425 0.25917519567 0.259177046928 0.259178898199 0.259180749484 0.259182600781
1 6218 0.23499640418 0 0 0.226818618578 0.227923730716 0.229862958529 0.228302924326 0.231432611197 0.225179349003 0.227957785387
2 6238 0.255975669156 0 0 0.233129202973 0.246391071279 0.278728244476 0.230088160409 0.242982209594 0.243791452055 0.254788817963
3 6258 0.251114656569 0 0 0.22425078183 0.245953776897 0.267246632666 0.213801498914 0.236705547628 0.244446770623 0.240329363861
4 6278 0.303612673774 0 0 0.354257390654 0.2976175858 0.324804676681 0.242042942297 0.281085312011 0.290683292017 0.268851607878
5 6298 0.325085202418 0 0 0.386185651824 0.329155200645 0.351272596558 0.242389182643 0.299738834578 0.300883722171 0.27362097221
6 6318 0.378000400609 0 0 0.460427568337 0.409852493034 0.412532751271 0.263766066024 0.362131197196 0.34584601524 0.303532027092
7 6338 0.397273823117 0 0 0.477300916169 0.468029616617 0.442121184646 0.249912111731 0.382787620136 0.363877007094 0.311195162614
8 6358 0.388980925036 0 0 0.472024391167 0.45818915396 0.42369732346 0.227246849195 0.388766754232 0.34504383402 0.294112663093
9 6378 0.393104326851 0 0 0.481959122171 0.470168892777 0.418085679377 0.215662638086 0.383506475674 0.335077942355 0.304611958213
10 6398 0.363866202045 0 0 0.452277629796 0.463236810508 0.392053444423 0.183566155707 0.335547477465 0.299020193697 0.273997503886
11 6418 0.347728997174 0 0 0.438278569926 0.443899288241 0.373410133054 0.16280048165 0.308778624371 0.297630673445 0.274437565422
12 6438 0.355309794094 0 0 0.437591014207 0.441648465831 0.375310589799 0.154210294909 0.305539003917 0.332054277849 0.283495401798
13 6458 0.36264170047 0 0 0.471120612412 0.463430041921 0.378516767231 0.141041764359 0.29435500242 0.332124330014 0.277014955973
14 6478 0.419631681104 0 0 0.574560486184 0.558352952566 0.436392780613 0.153655450732 0.324911532309 0.404541187044 0.320484643812
15 6498 0.431534192581 0 0 0.586312774492 0.598914144741 0.458220787632 0.150724033256 0.305756268558 0.42443326469 0.318783912237
16 6518 0.414494170605 0 0 0.546533938747 0.572725237783 0.408802925661 0.135696637182 0.284900984527 0.395641418664 0.316508001942
17 6538 0.429674060002 0 0 0.592856183274 0.602554800964 0.41099715483 0.13685557149 0.286730547487 0.409330941648 0.318196429472
18 6558 0.458494106531 0 0 0.641996049244 0.632547051434 0.448621718222 0.134838958697 0.286005458208 0.458418285386 0.331746658232
19 6578 0.491903648229 0 0 0.736762753223 0.650771123163 0.499587976109 0.136434397704 0.293133605598 0.494352951862 0.350699456302
20 6598 0.495511978991 0 0 0.739761895446 0.650581569965 0.493868432856 0.128866704971 0.280694541812 0.494456852812 0.330464171928
21 6618 0.457963741668 0 0 0.673303962429 0.636412071567 0.47036001836 0.109077715202 0.241295888507 0.472161160389 0.294346286624
22 6638 0.425168997432 0 0 0.619823230413 0.589967392296 0.431278044184 0.097508433941 0.210848235756 0.446212717863 0.258039406036
23 6658 0.44830942753 0 0 0.701172208062 0.596930733706 0.496428364641 0.0936901966119 0.219723828864 0.462130884605 0.271604545351
24 6678 0.482771809763 0 0 0.729617599064 0.670974658489 0.532245522883 0.0954775766763 0.229053535773 0.520451945488 0.285991449519
25 6698 0.498900494868 0 0 0.74751287077 0.67976790697 0.559123628051 0.0934595138292 0.228898563564 0.551787756764 0.293455550009
26 6718 0.46519880057 0 0 0.69756227379 0.638104056969 0.506160324322 0.0833833818579 0.201612724057 0.49494306903 0.260735605887
27 6738 0.500450130947 0 0 0.73423409758 0.701472564927 0.537891564558 0.0848658315146 0.211599623526 0.533563080014 0.28823776825
28 6758 0.641947383951 0 0 0.962804689944 0.97859330648 0.685907424121 0.104069952221 0.259506556688 0.717278166224 0.35421645962
29 6778 0.694207669004 0 0 1.0362458679 1.03237761986 0.783714548573 0.10378749045 0.267726463633 0.752468333648 0.372907154298
30 6798 0.777154135658 0 0 1.16205623586 1.13412137576 0.968048111537 0.112221671023 0.273795296374 0.824517989338 0.394466328831
31 6818 0.824803596624 0 0 1.15891685453 1.21361046832 1.02624547643 0.116571470185 0.274444317004 0.83462787784 0.402514521275
32 6838 0.746974283344 0 0 1.00939406272 1.07922645878 0.925508891458 0.0998828872562 0.235728604546 0.730989148146 0.353524805611
33 6858 0.684294417572 0 0 0.891191485679 1.06702693876 0.865165747422 0.0878502572969 0.20484513194 0.642907013225 0.306038186977
34 6878 0.826639946248 0 0 1.09502155636 1.42633117139 1.05191928594 0.102114320677 0.234947789291 0.980658693011 0.339540506492
35 6898 0.789277881683 0 0 1.0087722001 1.38088595978 1.02658303292 0.0921019821665 0.21132033633 0.938204320829 0.310145850749
36 6918 0.687789124216 0 0 0.821605553768 1.16716418584 0.913200325406 0.0808433976938 0.171215242261 0.793754362559 0.256941049875
37 6938 0.630510020763 0 0 0.73318849398 1.05601174919 0.795054342146 0.071402558626 0.144706938882 0.769897717105 0.231953239662
38 6958 0.550393276406 0 0 0.617982263026 0.908283218301 0.670967634886 0.0600010356781 0.116539833301 0.665213507545 0.197884512817
39 6978 0.473599597696 0 0 0.495741326521 0.788679723443 0.55554251817 0.0484623917578 0.0950818811241 0.573827251838 0.171020501981
40 6998 0.449469866024 0 0 0.4998610387 0.742587846437 0.507461004068 0.0428378204088 0.0847193686493 0.522058803966 0.159457635732
41 7018 0.454955817903 0 0 0.479446483008 0.726790048394 0.520768390161 0.0421049337305 0.0819476265169 0.508633180369 0.157932982961
42 7038 0.493523378678 0 0 0.523946364366 0.738122180679 0.613024511048 0.044144414456 0.0818276484682 0.555570889776 0.162209073186
43 7058 0.459962970302 0 0 0.479485092909 0.72603841171 0.566979217989 0.0402157571627 0.0703957407774 0.517950621286 0.140873426693
44 7078 0.502529577122 0 0 0.503073949222 0.815663976856 0.63718610659 0.0436073470376 0.0706959854043 0.587960112737 0.14550818104
45 7098 0.519376171726 0 0 0.525333510419 0.839388065504 0.68384645715 0.0426830257865 0.0667072702846 0.590747969036 0.147320914741
46 7118 0.533025903667 0 0 0.52434500432 0.862311146118 0.712766120725 0.0422729334203 0.0632423991303 0.623346086599 0.152947859931
47 7138 0.56162431363 0 0 0.539074093938 0.957368308929 0.806407875145 0.0433679794792 0.061487695664 0.680699738181 0.155236008402
48 7158 0.551151039775 0 0 0.541154585223 0.938012159342 0.828945936993 0.039743999419 0.0542097340334 0.66005879402 0.146267964974
49 7178 0.491270523106 0 0 0.47802440937 0.816270571014 0.75458574387 0.0330329493123 0.0449512617007 0.57948592288 0.122558926845
50 7198 0.486064728244 0 0 0.427876496882 0.784941552246 0.728018926434 0.0328482063417 0.0442507797358 0.547010096976 0.120201152652
51 7218 0.429761056766 0 0 0.361638477431 0.665288780802 0.66507164371 0.0276081685168 0.0376522450371 0.455245801918 0.104006662828
52 7238 0.4229669186 0 0 0.347967850595 0.671017908357 0.661588077701 0.0262596996148 0.0338243931188 0.440895478303 0.0982478183728
0 7239 0.00612063143419 0 0 0.00612063143419 0.00612067515315 0.00612071887241 0.00612076259199 0.00612080631188 0.00612085003208 0.00612089375259
1 7248 0.00605469506646 0 0 0.00597167615795 0.00621915253974 0.00592078720591 0.00646222884401 0.00596899027502 0.0059090573995 0.00591500418299
2 7257 0.00715886138551 0 0 0.00686792199175 0.00743547694133 0.00703519321364 0.00794711378611 0.00702960974943 0.00709531583181 0.00704835307382
3 7266 0.00935475708037 0 0 0.00931333818836 0.00982208802237 0.00880009349224 0.0110647851234 0.00957396155351 0.009124263038 0.0090333080254
4 7275 0.0128069172635 0 0 0.0125963298456 0.0131558051736 0.0120456125478 0.0153553659615 0.0133948424403 0.0125153085088 0.0125628150079
5 7284 0.0181529950748 0 0 0.0170249093734 0.0183729653979 0.0167968043115 0.0215363928601 0.0198750416331 0.0178682242678 0.0180305099751
6 7293 0.0245976987655 0 0 0.0226485487007 0.0241090119877 0.0231077262168 0.0298731905482 0.0262326688503 0.0239956289081 0.0243181785352
7 7302 0.03060238972 0 0 0.0273229330614 0.0297918060374 0.0286649353346 0.0371469394094 0.0323949797708 0.0293385252112 0.0299640582551
8 7311 0.0392560716679 0 0 0.0352112190092 0.0390736696275 0.0369157113535 0.0478842714478 0.0402932451523 0.0373865425652 0.0386300898834
9 7320 0.0453548501835 0 0 0.0417930179366 0.0439595038129 0.042363414885 0.0542815298786 0.0463505091105 0.0423435498153 0.0437999029009
10 7329 0.0503285608929 0 0 0.0477442894392 0.0492097936476 0.0474787163415 0.0590817511424 0.0525021488594 0.0461852244358 0.046332745776
11 7338 0.0571126645231 0 0 0.0554540713346 0.0554507215763 0.0530676949812 0.0656288567203 0.0635003607336 0.0522240772211 0.0512284796127
12 7347 0.0577619726535 0 0 0.0552053682913 0.0554239368472 0.0535149166736 0.0640720404428 0.063411417192 0.0534390914215 0.0510319073807
13 7356 0.0668892954832 0 0 0.0679402100887 0.0623765390111 0.0613564789617 0.0714864561671 0.0812337438241 0.0642760844356 0.0588674790393
14 7365 0.0690246907245 0 0 0.0687602355586 0.0641865234127 0.0659725225818 0.0687670003985 0.0838542711685 0.0664047671158 0.0605839618992
15 7374 0.0679217905144 0 0 0.0672359352248 0.0618029123021 0.0644362176712 0.0663168112597 0.0815825428012 0.0641025593614 0.0605886425168
16 7383 0.0679848032445 0 0 0.0659262933151 0.0609791931378 0.0631708250814 0.0637922133011 0.0851169982866 0.0655556829654 0.0588527920828
17 7392 0.0760514743213 0 0 0.0718272207901 0.0667914455474 0.0690674179185 0.0717667170623 0.10363219882 0.078197923763 0.0653764710104
18 7401 0.0827058780007 0 0 0.0818549042234 0.0704229077146 0.0765266218922 0.0784764961994 0.111489187693 0.0833299364424 0.0718772908159
19 7410 0.0843196626878 0 0 0.0849779866975 0.0714853628137 0.0784648207059 0.0783951459591 0.11133029171 0.0839784540903 0.0728967695677
20 7419 0.0858280634546 0 0 0.0925702381658 0.0698685790341 0.0797033917237 0.076644282947 0.112909353203 0.0858028327347 0.0723738072205
21 7428 0.0808484226404 0 0 0.0860907190837 0.0643953938178 0.075118741469 0.0702940313991 0.109795779596 0.0798967595558 0.0671996347508
22 7437 0.0685176455401 0 0 0.0730966451706 0.0542678138634 0.0640295989605 0.0577358401636 0.0914811081398 0.0673321748651 0.0562809065512
23 7446 0.0581933655974 0 0 0.0605040684444 0.0458874243529 0.0534991687373 0.0458978596695 0.076839816179 0.0571310883754 0.0475279829306
24 7455 0.0595620120358 0 0 0.0628762207233 0.0461833218707 0.0538631319599 0.0456620221496 0.0765395710606 0.0618462568617 0.0492893313559
25 7464 0.0604345512339 0 0 0.0621049201875 0.0460385413112 0.0544406604447 0.0469118931941 0.0823292740082 0.067148823533 0.0508781887741
26 7473 0.0560209048536 0 0 0.0570734367254 0.0418593591947 0.0494930480252 0.0424870304376 0.0752331646706 0.0630543881821 0.0454452869043
27 7482 0.0594860851204 0 0 0.0625930033624 0.0482016076071 0.0540374104979 0.0440821204412 0.0796041470324 0.0671432949621 0.0478779581145
28 7491 0.0569716438142 0 0 0.0585027913129 0.0455454852938 0.0561540825252 0.0403059969846 0.0743302233586 0.0643081383418 0.0466393054119
29 7500 0.0573875444789 0 0 0.0585594780984 0.0456715918067 0.0556951065759 0.039874939251 0.0751970849973 0.0663394332173 0.0471017124953
30 7509 0.0594465002865 0 0 0.0650706961317 0.0470600181295 0.0598150855424 0.0396392798261 0.0774731502841 0.067251970157 0.0487093414865
31 7518 0.062654764352 0 0 0.0728601086337 0.050599344612 0.0669429514722 0.0410650172054 0.0783720966418 0.0711340512138 0.0504145823915
32 7527 0.0748744113632 0 0 0.090294766734 0.0607793209312 0.0814805719472 0.0484379455161 0.0931449913914 0.0897629632792 0.0586439235473
33 7536 0.0892113121589 0 0 0.10651572583 0.0715382615656 0.0966071276533 0.0583347710093 0.11608105717 0.106508266882 0.073386451246
34 7545 0.0924629450288 0 0 0.107388655532 0.0747022781712 0.0960176528219 0.0581064276218 0.117370518226 0.105793688924 0.0748547928387
35 7554 0.0969642996086 0 0 0.113512367219 0.0838130142864 0.103672763524 0.0602741096154 0.122761565891 0.108432903467 0.0768470771683
36 7563 0.0991167008725 0 0 0.118456463889 0.0923839717997 0.107993286333 0.0601016119868 0.122617078064 0.109365044617 0.0792806467131
37 7572 0.112337532958 0 0 0.133652274214 0.113145020169 0.137038701375 0.0656156478163 0.134181675335 0.135729284055 0.0914333612668
38 7581 0.113278679402 0 0 0.131742330329 0.115603352363 0.138459057427 0.0633505946098 0.129636712712 0.141528412142 0.0896447653029
39 7590 0.116541976689 0 0 0.13416821882 0.125230255402 0.152320288447 0.0637551115665 0.129383373548 0.148904226619 0.092906824553
40 7599 0.107723598323 0 0 0.121350097614 0.116208331774 0.138451961831 0.0567952385709 0.11670311428 0.134485650589 0.0831409885819
41 7608 0.113504862871 0 0 0.12586933755 0.131316353418 0.151888274176 0.0591461846473 0.122246863408 0.148259108723 0.0855017511477
42 7617 0.114486717434 0 0 0.13295286755 0.134774103384 0.160067565347 0.0563235289232 0.120298291711 0.150490360077 0.0845035614444
43 7626 0.111636691661 0 0 0.129711748385 0.132644763389 0.161599731053 0.0525234395566 0.114629448068 0.144470536453 0.0838295229579
44 7635 0.11117078067 0 0 0.126065930462 0.141229342179 0.165977077894 0.0492891324833 0.111925607642 0.143178571905 0.0825080243129
45 7644 0.128746915956 0 0 0.144749908874 0.182369378754 0.204080787576 0.0551694919064 0.126795557487 0.167163891464 0.0929700543268
46 7653 0.151748887803 0 0 0.170680172229 0.247123325865 0.262975322138 0.0620450845249 0.146099262285 0.210173169221 0.107648573123
47 7662 0.160579456897 0 0 0.178061466314 0.270131340538 0.280862619605 0.0655641564316 0.151158293404 0.219138859931 0.112133964626
48 7671 0.159474873889 0 0 0.178775881079 0.267760836751 0.28171064606 0.0629533625185 0.148666430792 0.213459997572 0.112914550572
49 7680 0.151377996658 0 0 0.166033948637 0.254781370339 0.264021893977 0.0582554152476 0.134936362128 0.199895288532 0.104555064456
50 7689 0.166013239034 0 0 0.180335930091 0.305205250648 0.310117338171 0.0618759458123 0.138812085054 0.212469971247 0.111587860964
51 7698 0.182119808699 0 0 0.194732913416 0.364243908625 0.376219773258 0.067539786665 0.147374721067 0.23992942414 0.117648413557
52 7707 0.19369544034 0 0 0.20720794985 0.405623280279 0.421908927447 0.0704675934296 0.15384328167 0.263721677931 0.123702215816
53 7716 0.188282504944 0 0 0.196619524371 0.386962971075 0.40384515402 0.0657356727819 0.14441694862 0.247894845907 0.117802551991
54 7725 0.190919016372 0 0 0.200248919636 0.387959393559 0.409874238233 0.0650682809184 0.143586225688 0.255422401911 0.118859730012
55 7734 0.203601580813 0 0 0.211710263807 0.409899451991 0.440315355336 0.0671630461482 0.1445358832 0.298030563029 0.122745220946
56 7743 0.186126584168 0 0 0.189142935238 0.379057137281 0.415885156252 0.0595361887659 0.127372737189 0.270348160935 0.11317408266
57 7752 0.187496931406 0 0 0.191065571144 0.375478255064 0.413113859773 0.0596830550799 0.128125373815 0.266622847619 0.116659142955
58 7761 0.199845141873 0 0 0.200695964506 0.429972925997 0.487015355003 0.0633320383357 0.134759839204 0.302482513138 0.12126183368
59 7770 0.243297963916 0 0 0.242443733361 0.566660581277 0.63768085958 0.074428835306 0.157552156327 0.388156852812 0.145859103544
60 7779 0.268152930003 0 0 0.259150558257 0.632192539578 0.714892789392 0.0797386906531 0.171089637398 0.432716964171 0.156214561833
61 7788 0.255735290207 0 0 0.25612418112 0.607529217333 0.683693010754 0.0758902202507 0.158005923327 0.41068579352 0.14657231697
62 7797 0.225274305746 0 0 0.220708301229 0.545115725677 0.608026958069 0.0661383225514 0.135629960014 0.362222735607 0.125792188627
63 7806 0.224108553668 0 0 0.231245500844 0.545167201555 0.602731798523 0.0635048062237 0.129676669961 0.352964704968 0.125056069171
64 7815 0.2120855501 0 0 0.216509479774 0.503004228867 0.555900715932 0.0580023571706 0.120795635852 0.32374738977 0.114711806377
65 7824 0.181934865422 0 0 0.181577449522 0.423385731811 0.466548503889 0.048559194252 0.099857936045 0.268452797763 0.0947702041613
66 7833 0.169093145717 0 0 0.171671649889 0.380775776583 0.420367165394 0.0437020341574 0.0909094260791 0.244892027464 0.0864799490549
67 7842 0.144498295426 0 0 0.146186103971 0.320700095264 0.357119970664 0.0351908751247 0.0712601415242 0.207360400496 0.0716385098155
68 7851 0.131108838344 0 0 0.130027115015 0.295312384934 0.331834043093 0.0313203027841 0.0620881431146 0.185284548582 0.0640686026394
69 7860 0.13482517751 0 0 0.134099070944 0.324737535153 0.361261814589 0.0318222542645 0.060762651966 0.1941931941 0.069188062541
70 7869 0.145072359985 0 0 0.14264773178 0.389303285768 0.413619242312 0.0335360947 0.0632375228909 0.216009285881 0.0742493127298
71 7878 0.14949746691 0 0 0.144616636037 0.418856766182 0.43976929934 0.0324673768301 0.0624898388016 0.221256648737 0.0749397779262
72 7887 0.148197036544 0 0 0.141600758661 0.433759872569 0.454016248144 0.030425957575 0.0603718836257 0.218866073503 0.0734170597415
73 7896 0.147185377313 0 0 0.140929888187 0.437634631004 0.464230355245 0.0293447040312 0.0570520490821 0.217902782212 0.0740380810584
74 7905 0.141765456558 0 0 0.135424458309 0.413995996029 0.439031620615 0.0278658405196 0.0532474824873 0.202678420022 0.0717810547631
75 7914 0.139658570337 0 0 0.132720607911 0.395133080224 0.417521457999 0.0268539676874 0.0515817145003 0.196489014818 0.0735688149484
76 7923 0.134714603671 0 0 0.125751346161 0.380746723317 0.401982859797 0.0244947959915 0.0462229346078 0.188042277003 0.071731090486
77 7932 0.125943854856 0 0 0.115879783337 0.369902811956 0.38075943977 0.0220546572444 0.0411730024266 0.178413099728 0.0665274559388
78 7941 0.125907461566 0 0 0.12142551944 0.365967183082 0.375334613872 0.0216496949678 0.0394741910196 0.177148459292 0.0638580289798
79 7950 0.126668740001 0 0 0.127246386036 0.37020437525 0.380472355883 0.0210894852972 0.0383849658381 0.178749594582 0.064864602737
80 7959 0.124681278925 0 0 0.126293246543 0.364636494998 0.375561641972 0.020544366715 0.0366507338782 0.184987673197 0.0617809245788
81 7968 0.12809425394 0 0 0.125916493164 0.3883928679 0.39414033834 0.0207842743684 0.0365354364227 0.204338223745 0.0630495952181
82 7977 0.128604518452 0 0 0.127978079558 0.390463513517 0.398297283328 0.0201418225294 0.0349696422615 0.203904511435 0.067074934702
83 7986 0.129519956997 0 0 0.128014895231 0.388899799253 0.39733291646 0.0200069302819 0.033792249879 0.205355689034 0.0699232090498
84 7995 0.112210607113 0 0 0.110797934472 0.338898568456 0.343020218517 0.0171193940833 0.0286003999546 0.177546236479 0.0610641911529
85 8004 0.0984512329499 0 0 0.0948963287743 0.294681586357 0.300705321218 0.0147615336213 0.0245905857258 0.154159818346 0.0528786969705
86 8013 0.0889654633935 0 0 0.0842680824645 0.259975978064 0.267677403484 0.0132841385206 0.0214903767406 0.13592011836 0.0471431618019
87 8022 0.0971207702389 0 0 0.0950887630035 0.281760911002 0.288229820179 0.0146362604742 0.0221785260542 0.146394730098 0.0515489790568
88 8031 0.0918809347032 0 0 0.0881482710343 0.259084499302 0.265152206831 0.0138587298215 0.0202186234244 0.134025338424 0.0479762977093
89 8040 0.0852197599105 0 0 0.0822689307752 0.237569891019 0.243066429377 0.0122639359625 0.018072578569 0.123177595556 0.0455001953815
90 8049 0.0755703614144 0 0 0.0733939031279 0.203776620553 0.207965830335 0.0107279163642 0.0152785467357 0.106250805016 0.0389402865014
0 8050 0.5 0 0 0.5 0.500003571441 0.500007142908 0.500010714401 0.500014285918 0.500017857462 0.500021429031
1 8194 0.55993152586 0 0 0.554084419203 0.523106913308 0.598504420508 0.406207266635 0.543122318136 0.600348081315 0.437898073674
2 8338 0.714877513648 0 0 0.651344460102 0.688149421413 0.74101118222 0.341765642405 0.682166977645 0.699326110422 0.48169137335
3 8482 0.827693917934 0 0 0.700017765948 0.852844032714 0.861759194485 0.300397806926 0.745531570552 0.844471460613 0.539787653134
4 8626 0.920289385648 0 0 0.765115951521 0.988295263151 0.972425321939 0.228963814073 0.693470434769 1.04310652084 0.568398742192
5 8770 1.03970614525 0 0 0.812930493677 1.16611817612 1.30157156541 0.172498670634 0.625840262024 1.11863695536 0.545523276275
6 8914 1.25548575739 0 0 0.909413404985 1.27525924482 1.69190938294 0.15129416882 0.614140025297 1.27692817682 0.588783114944
7 9058 1.59911213096 0 0 1.12841333226 1.5009667749 2.42443096677 0.147036627855 0.628445589433 1.5316627375 0.658192941359
8 9202 1.86803005299 0 0 1.26051545882 1.51231177179 2.7923263924 0.12781004416 0.603912404745 1.75129550824 0.631929948885
9 9346 1.93047699166 0 0 1.22685104083 1.27058638358 2.45177720075 0.103834849849 0.497980245542 1.84159809339 0.554724428911
10 9490 2.08766054996 0 0 1.51709757377 1.28126351149 2.30044385142 0.0858568840206 0.430761188309 1.89795530962 0.587895597196
11 9634 2.13447260292 0 0 1.29331954235 1.28933076776 1.80151813566 0.0624556718044 0.339543988158 1.84241161862 0.548924270012
12 9778 2.0614193483 0 0 1.13311764271 1.13302919809 1.46486091149 0.0517813559147 0.274350692371 1.50164348947 0.495346788665
13 9922 2.09389405558 0 0 1.0772362735 0.950342051944 1.27665295392 0.042220907782 0.263900561735 1.36873947538 0.513985481514
14 10066 2.26565995314 0 0 1.46263533684 0.930578736813 1.17447542597 0.0342673877263 0.252643599051 1.58385343701 0.549787137468
15 10210 2.21905443539 0 0 1.38720651276 0.764972630166 0.963030730727 0.0265830067251 0.203451610933 1.57446889086 0.498694864387
16 10354 2.27298719743 0 0 1.33149492007 0.721109821562 0.693268167476 0.0233774836269 0.158895899979 1.74510284261 0.444886145857
17 10498 2.04551678227 0 0 1.0903834383 0.636033659718 0.473430804101 0.0170357195834 0.11437218171 1.75359519571 0.316990882437
18 10642 1.95581026481 0 0 1.02873891026 0.582387708702 0.363133353715 0.012477342043 0.0854944327982 1.6210883767 0.25634120597
