%  columns="iteration, evaluation, min max(neg(.)) min(pos(.)) max correlation, correlation matrix principle axes lengths  (sorted square roots of eigenvalues of correlation matrix)", seed=215255, Mon Feb 22 01:50:29 2016
0 0 0.0 0 0 0.0 1 1 1 1 1 1 1
1 9 -0.0555981774589 -0.00311041856492 0.000234877210905 0.0411314940519 1 1 1 1 1 1 1
2 18 -0.0831906862885 -0.00854818696777 0.000170675536906 0.0410986000929 1 1 1 1 1 1 1
3 27 -0.124933269202 -0.00323848342876 0.0158071928309 0.166594571525 1 1 1 1 1 1 1
4 36 -0.14416725698 -0.00850362618945 0.00406344991761 0.152788278871 0.898207597631 0.924633194166 0.948847833347 0.96520513681 1.00845032101 1.03930857619 1.18710110536
5 45 -0.148106921299 -0.0205699089034 0.0184190173251 0.172287232439 0.898207597631 0.924633194166 0.948847833347 0.96520513681 1.00845032101 1.03930857619 1.18710110536
6 54 -0.157531714462 -0.0109997214774 0.0206555617879 0.180645097627 0.861634097975 0.905616414442 0.936454490595 0.977334621493 1.0319335461 1.04993910648 1.19918999533
7 63 -0.174732571681 -0.0185236890237 0.0131672512754 0.210539222639 0.861634097975 0.905616414442 0.936454490595 0.977334621493 1.0319335461 1.04993910648 1.19918999533
8 72 -0.183105504581 -0.042120928343 0.0233617854007 0.203200807122 0.839929634949 0.858583570337 0.911138985696 1.01053704568 1.0495683302 1.06897087414 1.20900813877
9 81 -0.224122042086 -0.0247494848806 0.0370965781901 0.205638348194 0.839929634949 0.858583570337 0.911138985696 1.01053704568 1.0495683302 1.06897087414 1.20900813877
10 90 -0.312776475167 -0.0267797434888 0.0430853039979 0.196130595388 0.770102964488 0.85256249311 0.902287135342 1.00418561965 1.03021833401 1.10096648188 1.25860668048
11 99 -0.416339280028 -0.0190962322908 0.02547625532 0.221317285731 0.770102964488 0.85256249311 0.902287135342 1.00418561965 1.03021833401 1.10096648188 1.25860668048
12 108 -0.400486620112 -0.0121674558508 0.0282735018782 0.235801538693 0.728729607179 0.796173323791 0.870986810862 0.975043040784 1.0386435098 1.09910468871 1.35606887172
13 117 -0.395436783515 -0.0199351629179 0.0172684751666 0.244405513914 0.728729607179 0.796173323791 0.870986810862 0.975043040784 1.0386435098 1.09910468871 1.35606887172
14 126 -0.440748305625 -0.032692808058 0.00176482016581 0.247623209018 0.703094415458 0.80604212628 0.867186269535 0.985606427511 1.05066436488 1.13774730884 1.31687422756
15 135 -0.500471336528 -0.0192337430948 0.00510984679496 0.260969228975 0.703094415458 0.80604212628 0.867186269535 0.985606427511 1.05066436488 1.13774730884 1.31687422756
16 144 -0.450606130259 -0.037306982844 0.00695258107856 0.264970205826 0.66876092601 0.784448532781 0.826537669246 0.94072274894 1.07063356203 1.21912632843 1.317858219
17 153 -0.423556672544 -0.0153402050846 0.0255751057974 0.182485005847 0.66876092601 0.784448532781 0.826537669246 0.94072274894 1.07063356203 1.21912632843 1.317858219
18 162 -0.369899700276 -0.00391055118952 0.00640450061685 0.194867997409 0.620032852403 0.755014141676 0.907098092303 1.03120558547 1.08351001839 1.17770078344 1.26424993731
19 171 -0.359636290802 -0.0140538158942 0.0244575622763 0.199870095172 0.620032852403 0.755014141676 0.907098092303 1.03120558547 1.08351001839 1.17770078344 1.26424993731
20 180 -0.387938771767 -0.00340208997102 0.0635646341702 0.202868947165 0.60691114951 0.727535340022 0.912375034831 1.01751253583 1.08864861798 1.16547266356 1.30042642157
21 189 -0.429255632508 -0.0266406384552 0.0134033569581 0.201298038492 0.60691114951 0.727535340022 0.912375034831 1.01751253583 1.08864861798 1.16547266356 1.30042642157
22 198 -0.423130030578 -0.00610967641023 0.00957472353949 0.206239922237 0.578788964973 0.704315074563 0.885683378005 1.03072220464 1.1024838162 1.174824968 1.31393912726
23 207 -0.440370169216 -0.0306575799562 0.0210598134615 0.201619690222 0.578788964973 0.704315074563 0.885683378005 1.03072220464 1.1024838162 1.174824968 1.31393912726
24 216 -0.479565766587 -0.0104702944822 0.021484210976 0.209994223689 0.589068417354 0.615672822464 0.832923470718 1.0214283953 1.09395403722 1.19082090787 1.3863902879
25 225 -0.486973043475 -0.000157041211348 0.0106206333004 0.181856941973 0.589068417354 0.615672822464 0.832923470718 1.0214283953 1.09395403722 1.19082090787 1.3863902879
26 234 -0.53174530812 -0.0100570310382 0.0178935190851 0.212681917334 0.547657591193 0.572998106756 0.855820857548 1.00632506196 1.13105574833 1.22008720971 1.36335063603
27 243 -0.524336960392 -0.0110688558084 0.0270991995904 0.246656442292 0.547657591193 0.572998106756 0.855820857548 1.00632506196 1.13105574833 1.22008720971 1.36335063603
28 252 -0.555013557706 -0.0200193301607 0.0179098832262 0.238387890823 0.537561290748 0.559745261099 0.822682476398 0.986440332356 1.12885231955 1.2323286308 1.39817763586
29 261 -0.600392445602 -0.0154244970938 0.0211595722516 0.331149376259 0.537561290748 0.559745261099 0.822682476398 0.986440332356 1.12885231955 1.2323286308 1.39817763586
30 270 -0.638889004245 -0.012405921125 0.0587467913307 0.380686453341 0.482316688763 0.539506024825 0.815123108277 0.952240418705 1.16128186815 1.18051188307 1.47069115755
31 279 -0.640215981611 -0.0126728942054 0.00703578336436 0.392668342337 0.482316688763 0.539506024825 0.815123108277 0.952240418705 1.16128186815 1.18051188307 1.47069115755
32 288 -0.637863239527 -0.0078994391946 0.0603611573911 0.40964386092 0.473354113997 0.492771300437 0.806798802901 0.934058746883 1.15784929023 1.19113792375 1.50009924503
33 297 -0.618244959671 -0.00838024970817 0.0145676369617 0.413531054374 0.473354113997 0.492771300437 0.806798802901 0.934058746883 1.15784929023 1.19113792375 1.50009924503
34 306 -0.65752716503 -0.00176149673157 0.0353371322732 0.455711579981 0.444593748627 0.510712667239 0.797722769474 0.914747348391 1.1154956395 1.14479342099 1.58540283316
35 315 -0.647297039513 -0.0705513235341 0.0638932855418 0.446211124684 0.444593748627 0.510712667239 0.797722769474 0.914747348391 1.1154956395 1.14479342099 1.58540283316
36 324 -0.580710619646 -0.0502835443872 0.0571972531021 0.471085208006 0.434885936701 0.518670485605 0.740888855731 0.932492006778 1.10456148598 1.13277228377 1.6186934197
37 333 -0.588850201891 -0.0600603917455 0.0404514374426 0.412540361804 0.434885936701 0.518670485605 0.740888855731 0.932492006778 1.10456148598 1.13277228377 1.6186934197
38 342 -0.632941630808 -0.0274450099798 0.0385849059663 0.435312034569 0.424911710439 0.481960640468 0.752079181274 0.919961559658 1.09197869693 1.19711188073 1.5967834179
39 351 -0.640976143099 -0.0910645633349 0.0552675621505 0.478269428178 0.424911710439 0.481960640468 0.752079181274 0.919961559658 1.09197869693 1.19711188073 1.5967834179
40 360 -0.634189374166 -0.0949372007286 0.0211272856761 0.508427823884 0.419962354348 0.470170292144 0.802849931946 0.880111570408 1.04928891434 1.18043594033 1.63980818779
41 369 -0.676765577657 -0.0779846972964 0.0463859833575 0.586713914043 0.419962354348 0.470170292144 0.802849931946 0.880111570408 1.04928891434 1.18043594033 1.63980818779
42 378 -0.695188089401 -0.0108631690432 0.00209781164422 0.621100703914 0.376555820287 0.441637593757 0.723566156043 0.844541138179 1.0473891042 1.29572728197 1.62801446827
43 387 -0.756040083818 -0.0638418790389 0.0149255770908 0.701810229158 0.376555820287 0.441637593757 0.723566156043 0.844541138179 1.0473891042 1.29572728197 1.62801446827
44 396 -0.777023647111 -0.0489106344006 0.0076476838285 0.727681453387 0.332150298216 0.41899974464 0.628592733991 0.858467201749 1.0465847242 1.40398675913 1.5860334886
45 405 -0.796707041295 -0.0805932329637 0.03393127424 0.745137393019 0.332150298216 0.41899974464 0.628592733991 0.858467201749 1.0465847242 1.40398675913 1.5860334886
46 414 -0.79135219685 -0.085480029674 0.0578260731211 0.730512275443 0.319695473782 0.407568826105 0.619895712929 0.884484460991 1.05227361068 1.38728284447 1.59162356011
47 423 -0.775001387321 -0.0884622859242 0.0378942640989 0.735320860265 0.319695473782 0.407568826105 0.619895712929 0.884484460991 1.05227361068 1.38728284447 1.59162356011
48 432 -0.786638638271 -0.0718300546992 0.0737196377124 0.717675998455 0.328397901341 0.406423982225 0.632860922102 0.877115193593 1.06234172007 1.37012661421 1.59728315785
49 441 -0.796149188597 -0.112764999221 0.026932876612 0.739888512049 0.328397901341 0.406423982225 0.632860922102 0.877115193593 1.06234172007 1.37012661421 1.59728315785
50 450 -0.806045910427 -0.101554456132 0.00794287215342 0.739150241623 0.314191333772 0.387484800822 0.619058248207 0.887358413155 1.05387225784 1.3362162809 1.63840794116
51 459 -0.789792068173 -0.0595588460751 0.0305516517183 0.697813716596 0.314191333772 0.387484800822 0.619058248207 0.887358413155 1.05387225784 1.3362162809 1.63840794116
52 468 -0.783187535145 -0.00720170347707 0.0364537520705 0.697039668825 0.324527993046 0.382903335358 0.6948244685 0.885265144359 1.09515936001 1.34695672535 1.57096300271
53 477 -0.778628380394 -0.0207801820428 0.000514812467564 0.711173178725 0.324527993046 0.382903335358 0.6948244685 0.885265144359 1.09515936001 1.34695672535 1.57096300271
54 486 -0.762606240833 -0.00578336874212 0.0637428850559 0.744309646504 0.301941083705 0.378690325917 0.704828569197 0.878967986915 1.10125598676 1.34268799778 1.57495440484
55 495 -0.755355569982 -0.0147625513132 0.0681654436413 0.752892376331 0.301941083705 0.378690325917 0.704828569197 0.878967986915 1.10125598676 1.34268799778 1.57495440484
56 504 -0.798296728246 -0.0102393846149 0.0145982176063 0.788944493504 0.284274502837 0.372378864843 0.636570999851 0.866854981006 1.09074101175 1.3080637284 1.65018638943
57 513 -0.806072056432 -0.0120008564266 0.0225813005839 0.796195397196 0.284274502837 0.372378864843 0.636570999851 0.866854981006 1.09074101175 1.3080637284 1.65018638943
58 522 -0.823797489444 -0.00905690516149 0.0158090783998 0.814191680565 0.27026207533 0.36329684982 0.616631528758 0.841367659024 1.06612825107 1.30805904468 1.69091452106
59 531 -0.83650398947 -0.0675440027252 0.00762831718961 0.82297367451 0.27026207533 0.36329684982 0.616631528758 0.841367659024 1.06612825107 1.30805904468 1.69091452106
60 540 -0.827248345503 -0.0442841872388 0.0203283594396 0.813814094734 0.27505798294 0.38590814647 0.619536571118 0.811619727849 1.07422047897 1.32558365805 1.67980480741
61 549 -0.847283033491 -0.052454454014 0.0376702200947 0.828200855431 0.27505798294 0.38590814647 0.619536571118 0.811619727849 1.07422047897 1.32558365805 1.67980480741
62 558 -0.859560153705 -0.0285733142544 0.00171242927397 0.842237832374 0.258833380375 0.379688167595 0.566138373728 0.786855199179 1.06255014752 1.29431938032 1.74496789072
63 567 -0.857872173492 -0.0593077567693 0.0170906688047 0.850846032955 0.258833380375 0.379688167595 0.566138373728 0.786855199179 1.06255014752 1.29431938032 1.74496789072
64 576 -0.867207907251 -0.00463734366466 0.00348474931217 0.872477993774 0.256324281176 0.371199340406 0.540247370027 0.735097096414 1.06290901747 1.27474420498 1.79151488496
65 585 -0.895063721341 -0.0140578408861 0.0831771809669 0.906528173915 0.256324281176 0.371199340406 0.540247370027 0.735097096414 1.06290901747 1.27474420498 1.79151488496
66 594 -0.905440033022 -0.01201256917 0.0715083405486 0.917907052256 0.214058644123 0.330577943483 0.485303523805 0.686255376505 1.01855425115 1.27528376844 1.86403586757
67 603 -0.906514797499 -0.0725724430848 0.0830346638548 0.918173047311 0.214058644123 0.330577943483 0.485303523805 0.686255376505 1.01855425115 1.27528376844 1.86403586757
68 612 -0.903101723779 -0.076531648421 0.0703582309805 0.910227106569 0.218465631607 0.341286817475 0.503305221405 0.688153689953 1.02673716153 1.27299769289 1.85316273008
69 621 -0.90005559751 -0.0592535341204 0.0415604584386 0.90284074357 0.218465631607 0.341286817475 0.503305221405 0.688153689953 1.02673716153 1.27299769289 1.85316273008
70 630 -0.891805519122 -0.0393902829933 0.0262074239853 0.893640974241 0.227901153275 0.330147141958 0.540420670477 0.731020316535 1.01342247787 1.26652171376 1.83888997895
71 639 -0.889112553889 -0.041349877756 0.0297619042036 0.896766179434 0.227901153275 0.330147141958 0.540420670477 0.731020316535 1.01342247787 1.26652171376 1.83888997895
72 648 -0.884570253626 -0.0229586016732 0.0231207138045 0.895893402564 0.237571295447 0.337413314465 0.545911657835 0.78235410083 1.0381011334 1.2778744284 1.79136753337
73 657 -0.863499006521 -0.00203298087581 0.00317962748846 0.893531439187 0.237571295447 0.337413314465 0.545911657835 0.78235410083 1.0381011334 1.2778744284 1.79136753337
74 666 -0.846291642167 -0.0001281024405 0.00223427720552 0.889948243069 0.238616408291 0.377716840222 0.585325938574 0.79421757283 1.0676521754 1.26464816785 1.75721029899
75 675 -0.853651418923 -0.0243231685566 0.00537530758262 0.891045954539 0.238616408291 0.377716840222 0.585325938574 0.79421757283 1.0676521754 1.26464816785 1.75721029899
76 684 -0.838798800911 -0.00109775297596 0.0113217294778 0.888508942308 0.236532790296 0.357605261261 0.588470380909 0.835683595042 1.0620723626 1.27319633637 1.73852801003
77 693 -0.828863284749 -0.00362255693394 0.0013850734327 0.877777213167 0.236532790296 0.357605261261 0.588470380909 0.835683595042 1.0620723626 1.27319633637 1.73852801003
78 702 -0.835722311202 -0.0117683495091 0.00545026235666 0.877256048638 0.231109650765 0.349875837515 0.60611963034 0.869371847504 1.04874632827 1.26885240508 1.72948880459
79 711 -0.846012597886 -0.000655240460849 0.00826874176263 0.881194637994 0.231109650765 0.349875837515 0.60611963034 0.869371847504 1.04874632827 1.26885240508 1.72948880459
80 720 -0.837004677011 -0.000270743121416 0.00726063550657 0.875164770734 0.220195003861 0.344547776642 0.637155677338 0.918449370418 1.01079930725 1.29159170683 1.70098795117
81 729 -0.837208595035 -0.0189623492333 0.0163108685782 0.881342479697 0.220195003861 0.344547776642 0.637155677338 0.918449370418 1.01079930725 1.29159170683 1.70098795117
0 730 0.0 0 0 0.0 1 1 1 1 1 1 1
1 748 -0.0778509146762 -0.00348939348218 0.00292561108413 0.0714680519119 1 1 1 1 1 1 1
2 766 -0.0953955835452 -0.00457856177081 0.00713323957227 0.0865614206845 1 1 1 1 1 1 1
3 784 -0.0873874398477 -0.0026196933637 0.0133724537964 0.0537606766392 1 1 1 1 1 1 1
4 802 -0.13268924054 -0.00967956173611 0.00480725625515 0.0543205098658 0.879614897532 0.931188036477 0.977584359266 1.00136539008 1.02297225222 1.06009285825 1.1092761387
5 820 -0.209451219604 -0.000742907312176 0.00360164506457 0.0738081305685 0.879614897532 0.931188036477 0.977584359266 1.00136539008 1.02297225222 1.06009285825 1.1092761387
6 838 -0.288841883571 -0.000540532810833 0.0211645388115 0.0690155280235 0.779317278082 0.926439194094 0.972662942781 0.985026373537 1.01372806876 1.0924054604 1.18196047125
7 856 -0.357449021904 -0.0078006989739 0.00464369245322 0.107182371102 0.779317278082 0.926439194094 0.972662942781 0.985026373537 1.01372806876 1.0924054604 1.18196047125
8 874 -0.391680498521 -0.00452039793907 0.0011304509966 0.170277190122 0.682651184031 0.853149397708 0.933022116541 1.03821381787 1.05226983372 1.07530255824 1.26259964749
9 892 -0.446707059523 -0.00665891768545 0.00235838905183 0.191051376339 0.682651184031 0.853149397708 0.933022116541 1.03821381787 1.05226983372 1.07530255824 1.26259964749
10 910 -0.482580989264 -0.00051116891104 0.0026535177042 0.21814219722 0.603047795109 0.816759322417 0.919073740153 0.995377205992 1.07049390247 1.12745528415 1.3102109109
11 928 -0.464672006776 -0.0016701480037 0.00924028518067 0.144872996145 0.603047795109 0.816759322417 0.919073740153 0.995377205992 1.07049390247 1.12745528415 1.3102109109
12 946 -0.439440946418 -0.0225273106842 0.000614817045242 0.182364848904 0.539081337516 0.813636818076 0.912979749056 0.989452984488 1.09657536559 1.18588988426 1.27515679785
13 964 -0.45121581378 -0.0284630516989 0.0393122018579 0.16987933306 0.539081337516 0.813636818076 0.912979749056 0.989452984488 1.09657536559 1.18588988426 1.27515679785
14 982 -0.464550890267 -0.0131176598742 0.016174586146 0.217370527183 0.466014641921 0.834985349418 0.930012519273 0.967267161241 1.03959721056 1.21970163499 1.31021614016
15 1000 -0.494465296861 -0.00679514485635 0.0128890547353 0.325823440479 0.466014641921 0.834985349418 0.930012519273 0.967267161241 1.03959721056 1.21970163499 1.31021614016
16 1018 -0.545823959282 -0.0402436774398 0.0123997939764 0.275915249331 0.422122553398 0.745030620417 0.862795362574 0.931935581728 1.13673691158 1.20665206908 1.38044997606
17 1036 -0.540662541065 -0.00874904256922 0.037195476074 0.314056723647 0.422122553398 0.745030620417 0.862795362574 0.931935581728 1.13673691158 1.20665206908 1.38044997606
18 1054 -0.550778612982 -0.0444097207787 0.00129980911102 0.260159704529 0.400614299468 0.717641097418 0.880054820291 0.927250504765 1.13318713389 1.22148835653 1.38349650072
19 1072 -0.54916003416 -0.0142123177235 0.0231493991553 0.268615561157 0.400614299468 0.717641097418 0.880054820291 0.927250504765 1.13318713389 1.22148835653 1.38349650072
20 1090 -0.560753440249 -0.00207142130563 0.00346681742689 0.278155011462 0.36951633445 0.712378131988 0.839182957279 0.900353627564 1.17311280808 1.1928714193 1.4289767324
21 1108 -0.545751132505 -0.0162811718164 0.0198004382647 0.27973234447 0.36951633445 0.712378131988 0.839182957279 0.900353627564 1.17311280808 1.1928714193 1.4289767324
22 1126 -0.591224436274 -0.0366698810983 0.010656951348 0.283801691213 0.358905259085 0.672216695251 0.826743446137 0.890919900717 1.1289472119 1.22396697302 1.4729058952
23 1144 -0.653710411582 -0.025000412547 0.048214489725 0.355701785345 0.358905259085 0.672216695251 0.826743446137 0.890919900717 1.1289472119 1.22396697302 1.4729058952
24 1162 -0.672253509644 -0.000391054856595 0.0327611478247 0.371714578149 0.340318579046 0.59230437289 0.818489909852 0.855345963515 1.0706404763 1.18701020937 1.6051641904
25 1180 -0.709074095417 -0.00298905099112 0.0282355205543 0.349704861492 0.340318579046 0.59230437289 0.818489909852 0.855345963515 1.0706404763 1.18701020937 1.6051641904
26 1198 -0.680576203497 -0.00720700912415 0.00941674007474 0.302767319707 0.335618703738 0.559129422113 0.815042571972 0.89246453407 1.09450906463 1.17377443997 1.593188786
27 1216 -0.669772392298 -0.0242468741242 0.0191956251691 0.304390945736 0.335618703738 0.559129422113 0.815042571972 0.89246453407 1.09450906463 1.17377443997 1.593188786
28 1234 -0.702543208298 -0.00217889123107 0.0500404183412 0.266884713144 0.337589168995 0.528252438443 0.775968044932 0.941444788432 1.09951996858 1.26390122088 1.52057481249
29 1252 -0.684730092748 -0.0123511574068 0.0114295922617 0.275337094397 0.337589168995 0.528252438443 0.775968044932 0.941444788432 1.09951996858 1.26390122088 1.52057481249
30 1270 -0.704081861464 -0.0249906919805 0.0133887353805 0.320095991869 0.335568622488 0.532954708009 0.774980626889 0.926847071018 1.09859229964 1.35344480595 1.45085996227
31 1288 -0.739743844187 -0.0152395711622 0.0158289790405 0.343648113461 0.335568622488 0.532954708009 0.774980626889 0.926847071018 1.09859229964 1.35344480595 1.45085996227
32 1306 -0.775719533807 -0.0350449149102 0.0524978622166 0.386155638326 0.311758114449 0.461668709429 0.786404880062 0.874718683764 1.14720531087 1.34617530732 1.47574912718
33 1324 -0.805757141248 -0.00546010860029 0.0330421191134 0.391032371017 0.311758114449 0.461668709429 0.786404880062 0.874718683764 1.14720531087 1.34617530732 1.47574912718
34 1342 -0.824865427634 -0.0324411213054 0.000268044153152 0.367776823324 0.339335816931 0.414237730379 0.819451824335 0.874148593364 1.13177886836 1.32997110822 1.49260667787
35 1360 -0.853069045592 -0.0591650494016 0.0159700531199 0.316377894319 0.339335816931 0.414237730379 0.819451824335 0.874148593364 1.13177886836 1.32997110822 1.49260667787
36 1378 -0.877996596118 -0.0325555207944 0.048315361925 0.341535745204 0.313274151338 0.363647208787 0.841403728022 0.87445068863 1.0773528053 1.3330669396 1.53598152356
37 1396 -0.880851042964 -0.0040455810415 0.0345043224118 0.36696912307 0.313274151338 0.363647208787 0.841403728022 0.87445068863 1.0773528053 1.3330669396 1.53598152356
38 1414 -0.870786377977 -0.0248270622237 0.0232892916844 0.362854192062 0.298912700781 0.357713504703 0.807626936373 0.838022503175 1.18831169814 1.29874292689 1.52621472264
39 1432 -0.861658717606 -0.00805568520492 0.0318615595687 0.293995984661 0.298912700781 0.357713504703 0.807626936373 0.838022503175 1.18831169814 1.29874292689 1.52621472264
40 1450 -0.854003000478 -0.001971613338 0.0498982275941 0.280053861145 0.275659419494 0.387478312363 0.844394610711 0.861453258731 1.17457872167 1.27869346909 1.51791841185
41 1468 -0.850042728179 -0.0283710770123 0.060974500306 0.276055167185 0.275659419494 0.387478312363 0.844394610711 0.861453258731 1.17457872167 1.27869346909 1.51791841185
42 1486 -0.82963315746 -0.0113852937199 0.0186713333693 0.267230888192 0.279972714809 0.413677093145 0.818162055846 0.940419454999 1.11059156043 1.30947730861 1.4995213252
43 1504 -0.814209631261 -0.0219201405598 0.064881303049 0.250610879544 0.279972714809 0.413677093145 0.818162055846 0.940419454999 1.11059156043 1.30947730861 1.4995213252
0 1505 0.0 0 0 0.0 1 1 1 1 1 1 1
1 1517 -0.0559020386622 -0.00262694807231 0.00189533657701 0.0548550820376 1 1 1 1 1 1 1
2 1529 -0.106085556737 -0.0124129124788 0.00054864522069 0.0537991565925 1 1 1 1 1 1 1
3 1541 -0.111171397879 -0.00471081643631 0.00606944904266 0.085453983572 1 1 1 1 1 1 1
4 1553 -0.16429960505 -0.000765036703043 0.00262570148333 0.164978281704 0.885790201452 0.911000428327 0.956924531501 0.974685157249 1.01572018919 1.09577248949 1.13460714452
5 1565 -0.17600736935 -0.00280912821752 0.000471366638905 0.1170467693 0.885790201452 0.911000428327 0.956924531501 0.974685157249 1.01572018919 1.09577248949 1.13460714452
6 1577 -0.177836608828 -0.00304315932149 0.00117096955895 0.165511501353 0.855190396974 0.906317860476 0.935395231665 0.997283940532 1.0198996584 1.07859129991 1.17223859252
7 1589 -0.201895229726 -0.00154279408022 0.000208810583099 0.180905432927 0.855190396974 0.906317860476 0.935395231665 0.997283940532 1.0198996584 1.07859129991 1.17223859252
8 1601 -0.206271949415 -0.000495480426398 0.0325790191228 0.198500226483 0.812010941375 0.888332167281 0.964881787865 1.00445362904 1.01867191072 1.10930181099 1.15902427268
9 1613 -0.185667833556 -0.0169577017503 0.0239180594793 0.107517359167 0.812010941375 0.888332167281 0.964881787865 1.00445362904 1.01867191072 1.10930181099 1.15902427268
10 1625 -0.182453115489 -0.011310342484 0.0159253431023 0.116098257183 0.816872126097 0.86328330555 0.968813423848 1.00335494558 1.06838018516 1.09157221251 1.14419192085
11 1637 -0.218968312524 -0.0152520541561 0.00358478488237 0.154728023581 0.816872126097 0.86328330555 0.968813423848 1.00335494558 1.06838018516 1.09157221251 1.14419192085
12 1649 -0.196910112925 -0.0196208792425 0.0109110470455 0.15332930453 0.791608552145 0.826741996634 0.964109522358 0.987094500955 1.10325068871 1.10965270112 1.15650319802
13 1661 -0.234162114689 -0.000196019910504 0.00452575399591 0.171706641782 0.791608552145 0.826741996634 0.964109522358 0.987094500955 1.10325068871 1.10965270112 1.15650319802
14 1673 -0.279928861452 -0.00293139426933 0.00211891851919 0.165973015149 0.717061991424 0.818518313092 0.960338129068 0.973920163664 1.10018569778 1.12781537757 1.20942299002
15 1685 -0.306333762432 -0.00222812732212 0.02658733516 0.179727213909 0.717061991424 0.818518313092 0.960338129068 0.973920163664 1.10018569778 1.12781537757 1.20942299002
16 1697 -0.359492830255 -0.0936796855668 0.0106071921807 0.199734342518 0.673791260335 0.817302578999 0.916603316379 0.966089672266 1.02662258249 1.15259659931 1.31228735031
17 1709 -0.335138414208 -0.015807612957 0.0315402831392 0.251555135637 0.673791260335 0.817302578999 0.916603316379 0.966089672266 1.02662258249 1.15259659931 1.31228735031
18 1721 -0.311893254048 -0.00501434340815 0.0227390135285 0.25965964005 0.658031928699 0.792557405818 0.873172332246 0.941050747913 0.99211281207 1.19202860045 1.37317889992
19 1733 -0.328071715363 -0.00245815137572 0.0109049040737 0.307483940671 0.658031928699 0.792557405818 0.873172332246 0.941050747913 0.99211281207 1.19202860045 1.37317889992
20 1745 -0.357249736317 -0.0136843967228 0.028287481961 0.308243032903 0.623666742712 0.748027597208 0.847879767005 0.948401697398 1.04797013194 1.17880564231 1.39474172848
21 1757 -0.413373091951 -0.0123756752207 0.196525157974 0.391704420118 0.623666742712 0.748027597208 0.847879767005 0.948401697398 1.04797013194 1.17880564231 1.39474172848
22 1769 -0.478349958796 -0.00683755665378 0.18111644942 0.489174827019 0.503080314191 0.676530424367 0.756795187533 0.898297657302 1.01250833046 1.1417607087 1.60647082457
23 1781 -0.554938775317 -0.0291427511279 0.176159341297 0.525687482739 0.503080314191 0.676530424367 0.756795187533 0.898297657302 1.01250833046 1.1417607087 1.60647082457
24 1793 -0.566771189742 -0.0221804492492 0.181039052328 0.514571561037 0.447618597804 0.637375268949 0.781937403154 0.880915636001 1.00857916664 1.12157921728 1.65250719248
25 1805 -0.555562069876 -0.0603582766907 0.00123738770268 0.547494948547 0.447618597804 0.637375268949 0.781937403154 0.880915636001 1.00857916664 1.12157921728 1.65250719248
26 1817 -0.559735730513 -0.059964582065 0.0255094504736 0.529685033552 0.453172965958 0.596451760314 0.816658390847 0.865654192518 1.00600926447 1.12818944384 1.65460732223
27 1829 -0.540685652514 -0.00772184260851 0.0892641306622 0.541054323178 0.453172965958 0.596451760314 0.816658390847 0.865654192518 1.00600926447 1.12818944384 1.65460732223
28 1841 -0.563116611878 -0.00113489834006 0.133689583 0.55905756842 0.43867669305 0.583376186188 0.820956085535 0.853331769492 0.950529120424 1.12819501658 1.69963566006
29 1853 -0.54199797861 -0.0371212434507 0.116994666468 0.555007404501 0.43867669305 0.583376186188 0.820956085535 0.853331769492 0.950529120424 1.12819501658 1.69963566006
30 1865 -0.533506853628 -0.0326373881545 0.117983468158 0.530122538147 0.441609314273 0.611596219266 0.815285354279 0.856210094444 0.951261506637 1.13947534002 1.68221367218
31 1877 -0.512367986148 -0.0589401442088 0.105382406889 0.522022542804 0.441609314273 0.611596219266 0.815285354279 0.856210094444 0.951261506637 1.13947534002 1.68221367218
32 1889 -0.590236062592 -0.0194600140851 0.129370866593 0.552366985555 0.404052269983 0.610392630873 0.802897667157 0.82593579699 0.997024363457 1.1127589162 1.70442307181
33 1901 -0.637179729581 -0.0541387221631 0.0033768775853 0.544762571909 0.404052269983 0.610392630873 0.802897667157 0.82593579699 0.997024363457 1.1127589162 1.70442307181
0 1902 0.0 0 0 0.0 1 1 1 1 1 1 1
1 1938 -0.0635551826755 -0.00285806801601 0.000829278900188 0.0841404688413 1 1 1 1 1 1 1
2 1974 -0.144625476345 -0.00615237501834 0.00580221899713 0.104836209526 0.880930443009 0.914944178603 0.944287387614 0.982802375266 1.05524885212 1.08283175803 1.11498195918
3 2010 -0.214476878094 -0.00399401882832 0.000482716517801 0.156189884655 0.848170610752 0.881833433624 0.959106434099 1.01799502929 1.02520359359 1.05096810285 1.17949184706
4 2046 -0.272880663328 -0.0108292531557 0.00858245558147 0.123585451817 0.783192098829 0.914241033298 0.931695995031 1.0140820503 1.02397424883 1.11276981675 1.1694330721
5 2082 -0.335976407621 -0.0257734707765 0.0260284268396 0.160422758052 0.737987725535 0.897491558811 0.91869622899 0.95003624146 1.03373123178 1.15256155714 1.22731943479
6 2118 -0.34067802109 -0.0349035610636 0.0402434466574 0.244864944365 0.704066611644 0.829175775649 0.879172965053 0.940253448289 1.06075485813 1.17026289377 1.29035653226
7 2154 -0.342929248222 -0.0244147420451 0.0649459327544 0.301605661498 0.652628004554 0.778870658347 0.838991727657 0.9144302544 1.10831435379 1.24685909855 1.28231394656
8 2190 -0.419049070544 -0.0157114422847 0.0133937981407 0.335292921654 0.558551009809 0.751895555831 0.849056796658 0.930566498961 1.06258093512 1.21070876723 1.39317207368
9 2226 -0.513080246191 -0.00168828058367 0.00178760463034 0.401879779357 0.483364173787 0.734220617649 0.853024633819 0.877327412757 1.05252118218 1.13759330484 1.52578025249
10 2262 -0.552415053245 -0.0116079584441 0.032171286251 0.404609025182 0.458653992599 0.722748243967 0.877645506262 0.885127611319 1.06260581781 1.12278869261 1.52439279572
11 2298 -0.556504925317 -0.0554642785584 0.0315932484466 0.378568600449 0.426198095692 0.708489742023 0.897989636283 0.941401059451 1.04758692262 1.11410863928 1.5116546254
12 2334 -0.598766026598 -0.0276098751694 0.10197553896 0.406547472148 0.402721222433 0.727474513666 0.814977098769 0.897092847019 0.985694925585 1.13201280674 1.60828657904
13 2370 -0.627240729789 -0.0142902879638 0.00772505745513 0.43809756768 0.359064745982 0.736124466685 0.80031457172 0.885568638746 0.982427434547 1.12209310741 1.63713207905
14 2406 -0.680297029126 -0.0298301618056 0.0799915988665 0.46194391852 0.32270598025 0.67019325944 0.782634711636 0.908759005827 0.916800020435 1.137203367 1.69546101324
15 2442 -0.708230010425 -0.114918906989 0.0364258086723 0.527989929879 0.27115248919 0.598936864119 0.745651060199 0.815363409911 0.892567047534 1.19298251271 1.7683480304
16 2478 -0.748565119255 -0.0427541111688 0.0604075911514 0.561490851862 0.248067080765 0.584172474201 0.697468250494 0.792394919682 0.864031716812 1.14347083169 1.85169576985
17 2514 -0.741690735879 -0.0545775007774 0.0388200819861 0.591761182867 0.228604123573 0.597800307466 0.688713171827 0.706393342832 0.840564204012 1.1742433842 1.87927162827
18 2550 -0.743836336839 -0.0487961605534 0.00990367496483 0.562048103915 0.220748667625 0.648348409012 0.697876390148 0.704966027045 0.910066774677 1.19031877421 1.81709259325
19 2586 -0.778021668757 -0.0169916953245 0.0275913147975 0.529313554052 0.199594063708 0.664061586045 0.725138794811 0.737606371151 0.962595214246 1.17156942945 1.77486070289
20 2622 -0.786279216559 -0.0399835612804 0.0390038961244 0.504594957605 0.195994763228 0.669670909053 0.746131315694 0.773046681311 1.02502063512 1.18880642291 1.70143639347
21 2658 -0.788381539014 -0.0430033862534 0.0451198007981 0.531317618994 0.200510622244 0.649599549501 0.735770131888 0.760280670809 1.0132624922 1.20605550816 1.71381468176
22 2694 -0.78445806003 -0.117126935062 0.00321219167975 0.450902764888 0.195608479457 0.660935441421 0.707094644212 0.766789934818 1.12848291367 1.23194135105 1.62659117364
23 2730 -0.78717755818 -0.00688823795374 0.0460931851585 0.443252326693 0.192585674394 0.698230166072 0.729951940005 0.835787247681 1.1139804684 1.23948373985 1.57058677245
24 2766 -0.763206341754 -0.028351613011 0.00491467559903 0.405452028264 0.217963697358 0.717053482874 0.751048402677 0.818247971431 1.10962869647 1.26619705326 1.53954274435
25 2802 -0.753867449603 -0.00422436078915 0.00627524570597 0.403012076608 0.220563568871 0.676817035578 0.756955660665 0.893677353154 1.11306772634 1.27086057345 1.50586286497
26 2838 -0.751564648507 -0.0753127053173 0.00438832519708 0.355162316161 0.227498379254 0.685429936448 0.768577479574 0.90159618938 1.13790630273 1.29549042359 1.44972999811
27 2874 -0.749715856906 -0.00877205686533 0.0345002928882 0.35973438306 0.22756258682 0.699080787583 0.788626717614 0.91724216867 1.13798158808 1.28063831449 1.43568779282
28 2910 -0.716277759084 -0.0045914715872 0.0214354275936 0.317370109131 0.247155382002 0.731451292817 0.823077535715 0.912796714646 1.09706702955 1.27201035724 1.43933051627
29 2946 -0.667121751205 -0.00949573533588 0.126304204023 0.310290769316 0.263223207441 0.764570957307 0.829225633701 0.904145516442 1.08963534098 1.26785014474 1.43048990279
30 2982 -0.669521347289 -0.00566562875961 0.0170325162241 0.342523151212 0.252737719804 0.788628115443 0.799739904568 0.936992623505 1.09283497904 1.23940892475 1.43743781601
31 3018 -0.691148721956 -0.0152004294891 0.0178376103596 0.339990926568 0.235636401535 0.778876741956 0.839388249361 0.92146776471 1.10690991266 1.2176893585 1.44087962856
32 3054 -0.714041315061 -0.0250158117338 0.00409188779282 0.274115386277 0.227350754749 0.760059282628 0.85521091905 0.945291369158 1.0982820429 1.20993717579 1.44065562069
33 3090 -0.713623966771 -0.0246166091433 0.0111331919777 0.272510074434 0.236708630482 0.740602899459 0.896404990156 0.96893841046 1.07672395456 1.16901892282 1.45847629521
34 3126 -0.705121115937 -0.0664112295003 0.0105836555012 0.269688242846 0.235476543069 0.774285404736 0.924206019761 0.979589912206 1.03517597652 1.15479037049 1.45813224519
35 3162 -0.725678187446 -0.0168993844468 0.0174739318456 0.334870012248 0.224103647116 0.783089683862 0.908513334946 0.964779779561 1.0417657359 1.16335917488 1.46344497036
36 3198 -0.700293581471 -0.0152952199321 0.00645603309293 0.310549444118 0.22829546785 0.801294531199 0.914899436015 0.960320878026 1.03956579145 1.14124875259 1.47085190852
0 3199 0.0 0 0 0.0 1 1 1 1 1 1 1
1 3226 -0.153167128946 -0.00791714653864 0.00804686292777 0.164250204327 1 1 1 1 1 1 1
2 3253 -0.246983143913 -0.00564103424034 1.62717071604e-05 0.175597010153 0.801406325717 0.915365457396 0.929116664139 0.976329155668 0.988496243949 1.14142573833 1.19306330272
3 3280 -0.31582652028 -0.0130759181072 0.0115506921329 0.191605019153 0.797074792708 0.874993780104 0.921999693957 0.929979661808 0.999869665624 1.14720019659 1.25231961308
4 3307 -0.307889394744 -0.00226009883553 0.00850804944967 0.265667447399 0.775875704598 0.855597242429 0.916168081946 0.922871815839 1.00104761752 1.0905362088 1.33549554536
5 3334 -0.244819735619 -0.0100165280257 0.0370056062106 0.245086283322 0.77720278461 0.814585761179 0.945463035158 0.992395342011 1.0230949493 1.07785318924 1.28264033569
6 3361 -0.282501776106 -0.00255190268793 0.0028200077861 0.255435950094 0.750299732311 0.798476290899 0.949246647906 0.985709641202 1.02942743196 1.1299239181 1.26108854997
7 3388 -0.302100321016 -0.0412081605476 0.00249481574659 0.249617335138 0.736967217364 0.799958176319 0.948683875907 0.962619825375 1.0489308538 1.14653577072 1.2551924165
8 3415 -0.320412724408 -0.00945751397858 0.0156763859072 0.218132425177 0.729479935508 0.810411520542 0.929519128655 0.951716637079 1.02067108678 1.19868895328 1.25007885717
9 3442 -0.335994902703 -0.0250388355017 0.00734502512976 0.25146351398 0.728962473259 0.838304559397 0.922621558292 0.967816930954 0.991482254431 1.18241176272 1.26365517018
10 3469 -0.317018970446 -0.00520509763993 0.0120427268352 0.294292473231 0.709510179737 0.805296438071 0.867360159309 0.919324363829 1.0180775687 1.25491310569 1.28036447197
11 3496 -0.325003296679 -0.00663582193975 0.00822848836018 0.445451050997 0.656607646366 0.789748558262 0.821185478971 0.911369568601 1.06159564292 1.2433992947 1.32935940094
12 3523 -0.432092414958 -0.0344370034502 0.0040715772958 0.365477738219 0.62938765911 0.789223449646 0.837231915036 0.948606699135 0.999568479175 1.17514606291 1.41424190227
13 3550 -0.427393303187 -0.00243218185137 0.0401767624844 0.3234603395 0.575704557282 0.779731148459 0.878960974121 0.949682365835 0.977382830462 1.20831649064 1.40385493197
14 3577 -0.478500764967 -0.0120094603525 0.020094602322 0.375527186172 0.546231269002 0.769502450029 0.856068142889 0.900176826027 0.996519034718 1.20414388978 1.4571594638
15 3604 -0.500519586245 -0.00283465192578 0.0229450060705 0.3746664059 0.511592138393 0.824408971749 0.856990040362 0.889757198694 1.03259923748 1.16147663998 1.45507194285
16 3631 -0.499079983984 -0.00989908357263 0.0319875090409 0.287850736635 0.476064329395 0.802049287309 0.84662178673 0.881372295048 1.04101527835 1.20841488918 1.44655271891
17 3658 -0.639172653233 -0.00187285470448 0.00376402465446 0.332895326693 0.392452203111 0.766084138953 0.836231278059 0.885584089218 1.07650710947 1.16770525272 1.5010500714
18 3685 -0.670635852478 -0.0225969998484 0.0132434951951 0.329120688641 0.371212949189 0.770453308706 0.859140792296 0.923501530509 1.01951993751 1.13860446667 1.53028874175
19 3712 -0.680441924886 -0.00434502792593 0.00489940069517 0.255615819606 0.355231213345 0.801167749649 0.890360944667 0.949930248932 1.02215624104 1.12324837339 1.49343250364
20 3739 -0.76225331839 -0.00324454392326 0.00594549912524 0.292223468149 0.317050910046 0.763704384531 0.900704762041 0.944762014572 1.02844765661 1.14422139789 1.49848016709
21 3766 -0.760588836595 -0.00958586982774 0.00617308330928 0.193455191852 0.326087462298 0.7454892734 0.91770500672 0.947297512917 1.02010951579 1.21535999195 1.44244040383
22 3793 -0.781416718592 -0.000206211326706 0.0105547175081 0.140897177366 0.311516125329 0.719867047902 0.916678719522 0.956860551663 1.01032835781 1.24071661565 1.43830665572
23 3820 -0.789396131829 -0.0329288909822 0.0154884116817 0.191000903397 0.307687107719 0.643719839766 0.884735722598 0.984054519583 0.998597418854 1.27935704505 1.45116558725
24 3847 -0.770574506326 -0.00226637363085 0.00597715306005 0.237595626334 0.325559250556 0.672886658482 0.864460555416 0.969845202199 1.05668456672 1.24873777534 1.44132392126
25 3874 -0.745911083117 -0.00328466539766 0.0124572278419 0.196156947432 0.31188362571 0.674392273601 0.854767963811 0.927114058088 1.04296291105 1.31327488059 1.43013718602
26 3901 -0.738625574433 -0.0207171075858 0.00671431140445 0.206166141389 0.324327964877 0.669249435961 0.797885523427 0.927645500174 1.05462793544 1.33107929306 1.43727412644
27 3928 -0.735762974001 -0.0354332153091 0.0228486901904 0.22895323359 0.311278971347 0.629868141467 0.79498904982 0.965248904535 1.01655900836 1.32775139858 1.46504010028
28 3955 -0.736033354526 -0.00223923001965 0.00971713589464 0.222267379097 0.307420332972 0.587406029495 0.849073065588 0.962576073309 0.992682860154 1.30810706933 1.48875980671
29 3982 -0.701681444258 -0.00648307424666 0.0015102419593 0.265732889376 0.294408430953 0.538700143917 0.872624728693 0.923641505382 0.971782457908 1.36128350639 1.48697153734
30 4009 -0.69109772092 -0.00313897136285 0.00703627558069 0.263476182407 0.295796826215 0.544606652691 0.854776881936 0.919978896583 0.970489558437 1.36819060282 1.49167946782
31 4036 -0.696714936318 -0.0171983900505 0.0138415366772 0.342395297125 0.296162600046 0.537951450083 0.80440003758 0.911149683581 0.997487038091 1.39010160729 1.48938910819
32 4063 -0.650019045525 -0.00270983225961 0.133735434175 0.302849113508 0.285467495144 0.592691109469 0.850151724149 0.86838870007 1.07882258157 1.30176120996 1.49396394175
33 4090 -0.643342276087 -0.0444984313824 0.0157800850218 0.270033470005 0.282939811455 0.609293043877 0.84131549353 0.900704537141 1.04340346297 1.32939641609 1.47432730737
34 4117 -0.636212616249 -0.0136190904467 0.00426588223656 0.233119468614 0.276943189973 0.611462903291 0.872991551048 0.90339858939 1.07136632104 1.31078318943 1.45092865585
35 4144 -0.641013698759 -0.0296242702215 0.018625212736 0.203018922907 0.263992958419 0.576911243805 0.843121391608 0.874902816524 1.09780060355 1.28883549574 1.50163557999
36 4171 -0.638651247538 -0.0519028916396 0.00748430464997 0.237551055442 0.247647462573 0.586271615532 0.832202768146 0.888878021883 1.08920323405 1.31038459911 1.48620969562
37 4198 -0.663455033322 -0.0205440617209 0.0154662645863 0.27547209497 0.257475242456 0.581380447366 0.865534979213 0.914817879096 1.08488105303 1.28884179791 1.47362839397
38 4225 -0.661905477973 -0.0175700401869 0.0115807648447 0.280126245289 0.252755102586 0.586195874189 0.838225919547 0.89676565062 1.07417701715 1.3209893297 1.47878627851
39 4252 -0.647426996237 -0.0143467170835 0.000216123244662 0.378043611167 0.242561121802 0.546810919839 0.823090497061 0.839259565015 1.10404053258 1.38568484458 1.45646810821
0 4253 0.0 0 0 0.0 1 1 1 1 1 1 1
1 4325 -0.106028021924 -0.0110976531078 0.00253982607786 0.101524094656 1 1 1 1 1 1 1
2 4397 -0.201059352085 -0.00543792513872 0.0415798805535 0.215888881602 0.803869569364 0.867640568484 0.884648679214 0.930262886038 1.0690820197 1.13334447836 1.23514985533
3 4469 -0.258296380753 -0.0102776701352 0.0147914590817 0.332031619277 0.706812604147 0.773383067022 0.896777882004 0.940778749772 1.06075073212 1.17088977196 1.31028408172
4 4541 -0.409704185937 -0.0108239366248 0.0124943034558 0.250387766192 0.564924834299 0.808013891779 0.901872333362 0.953382738476 1.08411957068 1.16982417987 1.32734971851
5 4613 -0.469582843745 -0.0125889730319 0.0329458287625 0.323019369197 0.474894796938 0.764113633574 0.877284586069 0.938139960567 1.1067436325 1.15316912563 1.40932251662
6 4685 -0.541128040902 -0.0247259509825 0.0534858525422 0.350372963523 0.417927486183 0.739866017328 0.863383857489 0.973896902055 1.07386169813 1.17156286174 1.43467402074
7 4757 -0.650650651082 -0.0375759123277 0.017374102209 0.360672014311 0.332456601332 0.738342648985 0.860834538738 0.908394728602 1.11524051685 1.14635020609 1.49004209654
8 4829 -0.712505721593 -0.0107769542818 0.0636782015958 0.304020188881 0.301521908459 0.729134408721 0.900052900624 0.9214106529 1.03461984376 1.19163314583 1.49262418652
9 4901 -0.795680274243 -0.0568277913689 0.0664700202245 0.383074176747 0.238053362337 0.736465141429 0.8002676605 0.894693140916 0.925067912297 1.26276214198 1.58421168968
10 4973 -0.817397824198 -0.0785064439229 0.0329224029192 0.386321010393 0.231450450994 0.693193373214 0.809486959228 0.850923620952 0.882060242575 1.37763417219 1.55263237963
11 5045 -0.825660939785 -0.0801550475242 0.0904932189046 0.320807254257 0.212123230667 0.672569872617 0.826998239079 0.871200766914 1.00865183207 1.30342666358 1.53082887746
12 5117 -0.845723321443 -0.076423770601 0.0542529063144 0.297399005951 0.210361743729 0.685352087158 0.819282659899 0.940785103195 1.03521529918 1.27238810486 1.49636144068
13 5189 -0.810185238595 -0.00138284271307 0.0524809171556 0.354124498563 0.250317880648 0.614846719529 0.808042399367 0.946104086091 1.07145114506 1.28850822807 1.48424997866
14 5261 -0.810620470804 -0.0382598939562 0.0610736036908 0.401108229936 0.259994597901 0.678199306977 0.792482637477 0.94307309076 1.05767594307 1.3435196233 1.42524017103
15 5333 -0.819537913826 -0.00690447076619 0.0037253857598 0.286300706778 0.257168662258 0.735088395522 0.798955621173 0.980996040014 1.05163138878 1.31641042171 1.39784156418
16 5405 -0.818055400527 -0.0270055762191 0.0246508231189 0.321786171086 0.293953644096 0.713232546565 0.813765806179 0.938729707737 1.08322961039 1.30823017501 1.40591954198
17 5477 -0.7914023253 -0.0193712057405 0.00535638201762 0.399271415101 0.297151764844 0.675855029864 0.81031068879 0.958213687614 1.02663003718 1.35228617026 1.41332827193
18 5549 -0.739895525608 -0.00526242685549 0.00178425812557 0.389945082787 0.317917928535 0.703188466228 0.77849469559 0.939694201248 1.0059864725 1.37781876562 1.415973748
19 5621 -0.666298977369 -0.0414028471925 0.00159004381568 0.36972491162 0.355029267369 0.693962549052 0.814430045885 0.928994219202 0.98072641065 1.33339834879 1.45817289502
20 5693 -0.607790568208 -0.0191670963622 0.00946517450916 0.367534181973 0.361952800042 0.697876886711 0.870020047024 0.903799021699 1.06808108852 1.33598210487 1.37205140993
21 5765 -0.551731862122 -0.0134686538595 0.070482828365 0.305567603262 0.362629623535 0.671129042468 0.890806018624 0.947378417584 1.04858433912 1.32419840142 1.36893893691
22 5837 -0.519452793011 -0.0330242736198 0.0671555474926 0.2930069782 0.356357726876 0.693692857538 0.875180581164 0.981359199262 1.02715523242 1.32991209614 1.35612625052
23 5909 -0.525596161759 -0.00407727452455 0.0143924021484 0.270224991276 0.327929318653 0.690763962637 0.868312699238 0.98749837228 1.03812670451 1.32756480436 1.35869502339
24 5981 -0.50494322824 -0.0307919251754 0.0133983648048 0.326387185434 0.27935258093 0.759316228197 0.857994792515 0.962931809364 1.02997468718 1.28493810055 1.40360054473
25 6053 -0.55652102936 -0.0155244633667 0.0745116222826 0.278730603877 0.237305805027 0.676830723312 0.836279217414 0.971111487344 1.08204724519 1.26691916269 1.43779528131
26 6125 -0.608667710019 -0.00969559912859 0.0954826017313 0.432494129679 0.210884497085 0.63897294193 0.842082093737 0.902425550902 1.03554815793 1.20780957929 1.57879802813
27 6197 -0.667368345228 -0.0114451355625 0.0518946471328 0.517583055936 0.195416540454 0.585048249361 0.840378403839 0.934371600358 1.07864018634 1.15137536096 1.59722099255
0 6198 0.0 0 0 0.0 1 1 1 1 1 1 1
1 6218 -0.0445177611698 -0.00857006467938 0.0036783453298 0.0331626652097 1 1 1 1 1 1 1
2 6238 -0.269097593432 -0.010906407135 0.00697310493303 0.0654303365923 1 1 1 1 1 1 1
3 6258 -0.248975503774 -0.0104640055149 0.00872793034005 0.114397648753 1 1 1 1 1 1 1
4 6278 -0.275789338467 -0.000764809591444 0.0497474977691 0.24551851939 0.786357033529 0.854016368911 0.9049482286 0.953221384269 1.04439034343 1.16706135278 1.21324068633
5 6298 -0.237879843886 -0.0193047459251 0.00634363530025 0.343025275024 0.786357033529 0.854016368911 0.9049482286 0.953221384269 1.04439034343 1.16706135278 1.21324068633
6 6318 -0.326345848667 -0.000366748214924 0.0302663859696 0.367191139377 0.732383328558 0.781968314768 0.802254279827 0.940789798985 1.03826845719 1.18478852376 1.35709896623
7 6338 -0.357211562634 -0.00782393346355 0.0346312047439 0.408601248905 0.732383328558 0.781968314768 0.802254279827 0.940789798985 1.03826845719 1.18478852376 1.35709896623
8 6358 -0.439186612029 -0.00256561116984 0.0504426878257 0.392033369364 0.670303004137 0.726977901571 0.765362236203 0.910953991174 1.02101722754 1.15088147122 1.49652134863
9 6378 -0.424950837711 -0.0609813951369 0.0373615872488 0.398595016693 0.670303004137 0.726977901571 0.765362236203 0.910953991174 1.02101722754 1.15088147122 1.49652134863
10 6398 -0.458627889392 -0.09758508156 0.00854004478247 0.39312344701 0.548918775047 0.713904183705 0.791596384498 0.897190468553 1.05643680214 1.20875643235 1.47658477319
11 6418 -0.511942254307 -0.0122051000501 0.03214558189 0.418297054597 0.548918775047 0.713904183705 0.791596384498 0.897190468553 1.05643680214 1.20875643235 1.47658477319
12 6438 -0.510292242955 -0.0423312576636 0.00597865797388 0.403190132055 0.512222482306 0.700696493513 0.802082368417 0.991161736299 1.06450383731 1.14460368091 1.47567910921
13 6458 -0.496846373712 -0.0278791245364 0.0351877228003 0.461419807868 0.512222482306 0.700696493513 0.802082368417 0.991161736299 1.06450383731 1.14460368091 1.47567910921
14 6478 -0.484219071595 -0.0207435239744 0.00319686041924 0.542771017607 0.480462137967 0.606073479808 0.843767807052 1.00469440133 1.03762406828 1.1741583064 1.49169858993
15 6498 -0.5088766678 -0.0705618347228 0.0353826147823 0.535621878228 0.480462137967 0.606073479808 0.843767807052 1.00469440133 1.03762406828 1.1741583064 1.49169858993
16 6518 -0.546143149125 -0.0341105135195 0.00919507347 0.462839534988 0.428586672375 0.62916464458 0.827735391466 1.00718995416 1.05533098549 1.19082596363 1.47956002502
17 6538 -0.567886073106 -0.0670569547403 0.0475104713442 0.395814116212 0.428586672375 0.62916464458 0.827735391466 1.00718995416 1.05533098549 1.19082596363 1.47956002502
18 6558 -0.567379503837 -0.0834078482475 0.00751136883922 0.361125030969 0.401651606068 0.587628342085 0.764143605028 1.03638945343 1.14568879751 1.18106128181 1.4587123769
19 6578 -0.598444512487 -0.0147919157504 0.0143201852981 0.439637082684 0.401651606068 0.587628342085 0.764143605028 1.03638945343 1.14568879751 1.18106128181 1.4587123769
20 6598 -0.620961081742 -0.00654958270724 0.0154857960426 0.463653106184 0.381015963697 0.596607321626 0.75904207108 1.00289398122 1.11048489952 1.19928768882 1.49849179622
21 6618 -0.607291411141 -0.0567500801368 0.0431985801738 0.470192136186 0.381015963697 0.596607321626 0.75904207108 1.00289398122 1.11048489952 1.19928768882 1.49849179622
22 6638 -0.606960618901 -0.0323982193716 0.00315372141812 0.484476654965 0.356984111474 0.602665139113 0.738666667555 1.03442918111 1.15457670967 1.17054453389 1.48002128816
23 6658 -0.666619372911 -0.0363404016705 0.01518820628 0.499542138586 0.356984111474 0.602665139113 0.738666667555 1.03442918111 1.15457670967 1.17054453389 1.48002128816
24 6678 -0.680766341078 -0.00539223428612 0.0038773711559 0.439324040177 0.318750560713 0.614948663237 0.854861475626 1.00239802606 1.11020895343 1.19289086841 1.45914143669
25 6698 -0.701587006609 -0.00450671965011 0.00958245891732 0.446186313767 0.318750560713 0.614948663237 0.854861475626 1.00239802606 1.11020895343 1.19289086841 1.45914143669
26 6718 -0.69936209465 -0.015045259587 0.0103392735666 0.454955775594 0.296051604353 0.583793611911 0.879614660706 0.962458067144 1.09722675625 1.25679736199 1.44500685818
27 6738 -0.716411947825 -0.0209733815987 0.00434829948235 0.454674775952 0.296051604353 0.583793611911 0.879614660706 0.962458067144 1.09722675625 1.25679736199 1.44500685818
28 6758 -0.721152362365 -0.0282642621114 0.0209268737074 0.413862891448 0.272674871642 0.575232117572 0.917181157091 1.01844494631 1.07921862796 1.19248049507 1.45930889932
29 6778 -0.74255309349 -0.0335664166806 0.00953113285728 0.458592188932 0.272674871642 0.575232117572 0.917181157091 1.01844494631 1.07921862796 1.19248049507 1.45930889932
30 6798 -0.722169599067 -0.0164861657839 0.0219858744661 0.498442311746 0.275355235549 0.586817416304 0.921861505789 0.978781961473 1.06999085113 1.20482180341 1.47495967767
31 6818 -0.709009987425 -0.0138774409793 0.00878657577085 0.451143071841 0.275355235549 0.586817416304 0.921861505789 0.978781961473 1.06999085113 1.20482180341 1.47495967767
32 6838 -0.711958280732 -0.0126130596328 0.00904320924217 0.424404205039 0.286714458742 0.61269374486 0.889459322842 1.00241042851 1.09079381804 1.26192036459 1.40148581154
33 6858 -0.697212021857 -0.0457621110087 0.00913808463567 0.471194308897 0.286714458742 0.61269374486 0.889459322842 1.00241042851 1.09079381804 1.26192036459 1.40148581154
34 6878 -0.68909377664 -0.0198337966381 0.00392229598952 0.504049181416 0.284303335904 0.518536726607 0.825361410601 1.0150469538 1.17820385067 1.30270073402 1.36145362891
35 6898 -0.710832941048 -0.0071908173601 0.00506255716699 0.492673650475 0.284303335904 0.518536726607 0.825361410601 1.0150469538 1.17820385067 1.30270073402 1.36145362891
36 6918 -0.686149061292 -0.008444143715 0.0138396421689 0.484174694869 0.278252540602 0.50320523796 0.792669264321 1.03546132388 1.18637918863 1.30963740624 1.35875295079
37 6938 -0.701642599436 -0.00359559004557 0.0168645088061 0.453615322575 0.278252540602 0.50320523796 0.792669264321 1.03546132388 1.18637918863 1.30963740624 1.35875295079
38 6958 -0.684141721746 -0.0191355873958 0.0144167898145 0.459786675311 0.297091446028 0.471860466711 0.816829689166 1.04054867362 1.1796236756 1.28576023294 1.37638682671
39 6978 -0.69391908738 -0.0312006431308 0.0253443912202 0.482394719847 0.297091446028 0.471860466711 0.816829689166 1.04054867362 1.1796236756 1.28576023294 1.37638682671
40 6998 -0.700394565629 -0.0108969387619 0.0242604347849 0.425636052343 0.299387575471 0.452344878648 0.861941835174 1.02141737034 1.16125179804 1.26057664172 1.40781916831
41 7018 -0.696768188492 -0.0186589142207 0.00619948367476 0.436227338877 0.299387575471 0.452344878648 0.861941835174 1.02141737034 1.16125179804 1.26057664172 1.40781916831
42 7038 -0.661044739222 -0.00113368348543 0.00217290330284 0.444179318634 0.306338524607 0.462020441032 0.89421599711 1.00318991929 1.15032271537 1.27610169345 1.39104409535
43 7058 -0.601000157378 -0.000766607235246 0.0880894513614 0.464455230603 0.306338524607 0.462020441032 0.89421599711 1.00318991929 1.15032271537 1.27610169345 1.39104409535
44 7078 -0.573671119979 -0.0490527271617 0.0529348281371 0.422325025016 0.339444788677 0.456273935396 0.886414925104 0.937364669652 1.16266632318 1.33827469007 1.36727292916
45 7098 -0.560766811803 -0.0147431021932 0.027811835673 0.395948608924 0.339444788677 0.456273935396 0.886414925104 0.937364669652 1.16266632318 1.33827469007 1.36727292916
46 7118 -0.561169285479 -0.0742397326825 0.00620485311467 0.378840908677 0.343412069866 0.436956718841 0.88757696137 0.932863995671 1.15679939956 1.25638464556 1.45479264877
47 7138 -0.603159411892 -0.0126023788479 0.026535743469 0.425575635896 0.343412069866 0.436956718841 0.88757696137 0.932863995671 1.15679939956 1.25638464556 1.45479264877
48 7158 -0.586898396447 -0.0245868496291 0.0032886028456 0.432998540858 0.364878152841 0.394540684426 0.837518558009 0.894402393264 1.15107916926 1.2507263073 1.52332171787
49 7178 -0.606416694898 -0.00428208010826 0.00218232245313 0.454020916402 0.364878152841 0.394540684426 0.837518558009 0.894402393264 1.15107916926 1.2507263073 1.52332171787
50 7198 -0.642365118529 -0.0074900420925 0.0622296739375 0.405672334542 0.359317140937 0.431391850236 0.801551333557 0.907405189753 1.09502492159 1.33118932654 1.49925946489
51 7218 -0.661200880867 -0.0101092833045 0.0231853740449 0.3910230421 0.359317140937 0.431391850236 0.801551333557 0.907405189753 1.09502492159 1.33118932654 1.49925946489
52 7238 -0.683270442319 -0.0139631748158 0.108202870846 0.376211303237 0.355335805512 0.437276586821 0.835550590685 0.911658027827 1.10922392484 1.33737614727 1.46092704401
0 7239 0.0 0 0 0.0 1 1 1 1 1 1 1
1 7248 -0.0467752202716 -0.00206133128977 0.00119374135948 0.102156655173 1 1 1 1 1 1 1
2 7257 -0.0780849702485 -0.00754830755556 0.00272379285272 0.151452787363 1 1 1 1 1 1 1
3 7266 -0.0719880721234 -0.00291204774561 0.00588560460963 0.212016016385 1 1 1 1 1 1 1
4 7275 -0.145246782706 -0.00215103963311 0.0142895557403 0.245692359693 0.850637892234 0.925795691733 0.9756956766 0.983147279786 1.00721632076 1.05267832707 1.17394229385
5 7284 -0.145888560229 -0.00056839090833 0.000541846331858 0.279082195146 0.850637892234 0.925795691733 0.9756956766 0.983147279786 1.00721632076 1.05267832707 1.17394229385
6 7293 -0.179363034859 -0.000626170654482 0.0172438751467 0.29644343101 0.828110961163 0.912326312478 0.975676064412 0.984612228598 0.99596409949 1.02803077277 1.22951053471
7 7302 -0.174047777838 -0.0244307170729 0.014507073346 0.301462250951 0.828110961163 0.912326312478 0.975676064412 0.984612228598 0.99596409949 1.02803077277 1.22951053471
8 7311 -0.155249236679 -0.00474895566628 0.00736433849566 0.296384240367 0.822857643821 0.906205584288 0.964842169207 0.984825357752 1.00896625704 1.06000941673 1.20799936625
9 7320 -0.171560512546 -0.000878476217151 0.00644230167559 0.254068248629 0.822857643821 0.906205584288 0.964842169207 0.984825357752 1.00896625704 1.06000941673 1.20799936625
10 7329 -0.191860494243 -0.00173851552085 0.0031721168132 0.181592545541 0.81540976279 0.893705143759 0.949074456034 0.992587929545 1.053196078 1.08056555346 1.17199872856
11 7338 -0.204554130113 -0.00712183018233 0.00323815784323 0.135216706693 0.81540976279 0.893705143759 0.949074456034 0.992587929545 1.053196078 1.08056555346 1.17199872856
12 7347 -0.1708555444 -0.00935761348665 0.00270393989603 0.140305791581 0.832224812322 0.891314642472 0.953068246385 0.988613248289 1.02062335478 1.09949256421 1.17333239188
13 7356 -0.226883896892 -0.00454974703169 0.011362729093 0.158699420602 0.832224812322 0.891314642472 0.953068246385 0.988613248289 1.02062335478 1.09949256421 1.17333239188
14 7365 -0.239505561523 -0.000676343556343 0.00208947698979 0.167657968934 0.809213251626 0.847701936446 0.966128600053 0.969343652985 1.03368669012 1.10493721032 1.21002038778
15 7374 -0.236723285521 -0.00711637562351 0.00224980586163 0.225947491451 0.809213251626 0.847701936446 0.966128600053 0.969343652985 1.03368669012 1.10493721032 1.21002038778
16 7383 -0.310733822128 -0.00497072130937 0.0204639739303 0.213807337343 0.767661519374 0.822904950061 0.991622587531 1.00328406966 1.02598569282 1.0985639788 1.21825264084
17 7392 -0.428444167707 -0.00064373508504 0.00261149308993 0.275718293468 0.767661519374 0.822904950061 0.991622587531 1.00328406966 1.02598569282 1.0985639788 1.21825264084
18 7401 -0.425885882206 -0.015800082965 0.0408036385055 0.281557958588 0.712746424301 0.840499140054 0.91552831627 0.94410075351 1.03137732315 1.14325782224 1.29817478359
19 7410 -0.436418218152 -0.0237478390851 0.0252953286761 0.300177244721 0.712746424301 0.840499140054 0.91552831627 0.94410075351 1.03137732315 1.14325782224 1.29817478359
20 7419 -0.452311254607 -0.00821351028916 0.00549811616414 0.312351857914 0.704490314704 0.804979719186 0.902713523833 0.954962456102 1.05080029365 1.1234715339 1.32758672218
21 7428 -0.496596025091 -0.000813108135894 0.00339546909032 0.329531118541 0.704490314704 0.804979719186 0.902713523833 0.954962456102 1.05080029365 1.1234715339 1.32758672218
22 7437 -0.506620544672 -0.00701115602674 0.0169218252932 0.333371333299 0.671562639698 0.772974831541 0.889245668191 0.933325724477 1.04356861206 1.14216027753 1.37698700674
23 7446 -0.510194629111 -0.00803052716548 0.0365989723976 0.340841081841 0.671562639698 0.772974831541 0.889245668191 0.933325724477 1.04356861206 1.14216027753 1.37698700674
24 7455 -0.479524740745 -0.0353973881972 0.0144681035146 0.358283871364 0.655363425096 0.759106355964 0.883553581724 0.944791228802 1.06159866861 1.12129931449 1.3916375382
25 7464 -0.5509952787 -0.00943482355575 0.0482085997758 0.438007110338 0.655363425096 0.759106355964 0.883553581724 0.944791228802 1.06159866861 1.12129931449 1.3916375382
26 7473 -0.563323180534 -0.0203661506983 0.00502660296542 0.43294488094 0.579720726112 0.701170554401 0.867355892596 0.964857635016 1.06805985764 1.10504152748 1.45847817815
27 7482 -0.592273416724 -0.00396366470642 0.0835554934179 0.449844655418 0.579720726112 0.701170554401 0.867355892596 0.964857635016 1.06805985764 1.10504152748 1.45847817815
28 7491 -0.582719857872 -0.000492319141313 0.0745764825031 0.443091942493 0.557402931415 0.65663795782 0.821720035345 0.91649783702 1.05149674202 1.22839167522 1.45888483317
29 7500 -0.603824794504 -0.0494289291635 0.0293252153547 0.510899706313 0.557402931415 0.65663795782 0.821720035345 0.91649783702 1.05149674202 1.22839167522 1.45888483317
30 7509 -0.625819877821 -0.00397557383881 0.00624303274663 0.546671818468 0.528335797156 0.61574172641 0.864698888429 0.925787588285 1.03365687078 1.20740062851 1.48683347463
31 7518 -0.632621551187 -0.0351838722818 0.000123427776629 0.542297506626 0.528335797156 0.61574172641 0.864698888429 0.925787588285 1.03365687078 1.20740062851 1.48683347463
32 7527 -0.645983274513 -0.0450021320514 0.0174767532436 0.529093167795 0.488807723873 0.637968016562 0.801964994852 0.958826635616 1.0030497889 1.25959063789 1.48286546751
33 7536 -0.642397145893 -0.0130131156067 0.0069482225291 0.510777591733 0.488807723873 0.637968016562 0.801964994852 0.958826635616 1.0030497889 1.25959063789 1.48286546751
34 7545 -0.631970837467 -0.00563790597338 0.0239522521258 0.496277212902 0.45518189778 0.645853508073 0.810922241179 0.96777811966 0.996878084175 1.25626832862 1.48644451215
35 7554 -0.652283438704 -0.0102738515102 0.00748388586442 0.476436636851 0.45518189778 0.645853508073 0.810922241179 0.96777811966 0.996878084175 1.25626832862 1.48644451215
36 7563 -0.645741679314 -0.00618018895672 0.0104839540613 0.46423811934 0.425019055798 0.62866950885 0.72104319717 0.941573177279 1.00667951181 1.380293485 1.44881205346
37 7572 -0.626132639094 -0.0044487297219 0.0144961707268 0.445451139243 0.425019055798 0.62866950885 0.72104319717 0.941573177279 1.00667951181 1.380293485 1.44881205346
38 7581 -0.606512118935 -0.00236366756324 0.00398644546804 0.484311598162 0.425016247089 0.579765525983 0.626572551843 0.97817341215 0.997340399046 1.39348439185 1.48233940639
39 7590 -0.636661954157 -0.0307232471776 0.00289016618187 0.543434574802 0.425016247089 0.579765525983 0.626572551843 0.97817341215 0.997340399046 1.39348439185 1.48233940639
40 7599 -0.628968657583 -0.0104290035602 0.000747275610621 0.548050484469 0.42839895356 0.557146836749 0.610439082508 0.958821525994 0.972066484964 1.40433939122 1.51558726895
41 7608 -0.667143776416 -0.0219340655371 0.00433578677468 0.617042706789 0.42839895356 0.557146836749 0.610439082508 0.958821525994 0.972066484964 1.40433939122 1.51558726895
42 7617 -0.704526392804 -0.0222441490875 0.00931973179532 0.652079859237 0.415207976219 0.514231381704 0.544799385993 0.968874679501 0.991214664468 1.37952096062 1.56270896687
43 7626 -0.72943793997 -0.025443457988 0.00479961327877 0.660827278101 0.415207976219 0.514231381704 0.544799385993 0.968874679501 0.991214664468 1.37952096062 1.56270896687
44 7635 -0.750698317363 -0.000179919346259 0.008058490467 0.676375070606 0.41068380938 0.486656484267 0.520331032352 0.943672408781 0.998705188966 1.37184518594 1.59808354226
45 7644 -0.791797433707 -0.0168436679552 0.0230781301843 0.655639695831 0.41068380938 0.486656484267 0.520331032352 0.943672408781 0.998705188966 1.37184518594 1.59808354226
46 7653 -0.836257575779 -0.0301511174611 0.0204822960269 0.712613142157 0.382432646358 0.418021443715 0.526421736154 0.928761368581 0.983892622533 1.37845836896 1.63434808162
47 7662 -0.841589712155 -0.0133590354306 0.0547832238479 0.698578146672 0.382432646358 0.418021443715 0.526421736154 0.928761368581 0.983892622533 1.37845836896 1.63434808162
48 7671 -0.850595464475 -0.024470115739 0.00168845596238 0.705221628152 0.348949578231 0.392933548306 0.552896801316 0.92853899295 0.986550054172 1.37812289133 1.63812520008
49 7680 -0.83432075235 -0.0175353428209 0.0264315941369 0.720510765489 0.348949578231 0.392933548306 0.552896801316 0.92853899295 0.986550054172 1.37812289133 1.63812520008
50 7689 -0.851402991859 -0.01287527088 0.00803893746687 0.66730609939 0.338875575176 0.404843334313 0.595994122525 0.940323315349 0.99004597771 1.36567782387 1.62375531751
51 7698 -0.888244527795 -0.0269931855563 0.00649528090045 0.695960388505 0.338875575176 0.404843334313 0.595994122525 0.940323315349 0.99004597771 1.36567782387 1.62375531751
52 7707 -0.900334016082 -0.0319552573276 0.018902118104 0.718168239112 0.295967607727 0.365044272744 0.567311165161 0.957492744319 1.00205043564 1.34796518233 1.64905922642
53 7716 -0.897323470354 -0.0204095494761 0.0225716152185 0.711738417247 0.295967607727 0.365044272744 0.567311165161 0.957492744319 1.00205043564 1.34796518233 1.64905922642
54 7725 -0.887298922851 -0.00107576323209 0.000126672030983 0.701302267064 0.319363029576 0.361599345699 0.57899019127 0.94500325337 1.00653589651 1.3592816641 1.63653023948
55 7734 -0.886218639593 -0.0126297313822 0.022953222245 0.696709585502 0.319363029576 0.361599345699 0.57899019127 0.94500325337 1.00653589651 1.3592816641 1.63653023948
56 7743 -0.89289888249 -0.0083634683277 0.00107965661657 0.702003229645 0.310744553473 0.368353638734 0.570541180427 0.994718481283 1.00604201298 1.31589450535 1.64592601372
57 7752 -0.893783357639 -0.000339736432189 0.0149576186378 0.705673033376 0.310744553473 0.368353638734 0.570541180427 0.994718481283 1.00604201298 1.31589450535 1.64592601372
58 7761 -0.912264311844 -0.0106202957089 0.00855416477191 0.760200852336 0.286911257564 0.360380642872 0.518025601009 0.952425430114 0.981248169767 1.29735059186 1.72231718055
59 7770 -0.921883481106 -0.00716538709345 0.0235351092994 0.777509764375 0.286911257564 0.360380642872 0.518025601009 0.952425430114 0.981248169767 1.29735059186 1.72231718055
60 7779 -0.925259063604 -0.0318163552331 0.0294379783111 0.793214577893 0.26474269581 0.368723602699 0.476925037462 0.95539106319 0.96703186743 1.28261534017 1.75313202337
61 7788 -0.926874900597 -0.00845747216129 0.00196592126395 0.793743070562 0.26474269581 0.368723602699 0.476925037462 0.95539106319 0.96703186743 1.28261534017 1.75313202337
62 7797 -0.930797078769 -0.0114500955592 0.0106341757649 0.805651844984 0.252646477762 0.355927200921 0.456534905009 0.921508257269 0.976174715836 1.28261842672 1.77591015899
63 7806 -0.930227902599 -0.0578214915631 0.0142243462932 0.802240081622 0.252646477762 0.355927200921 0.456534905009 0.921508257269 0.976174715836 1.28261842672 1.77591015899
64 7815 -0.927751066116 -0.0804248657817 0.0585395763094 0.782955342963 0.257436844775 0.367582100426 0.486001903605 0.867026272846 0.992957411746 1.26664942929 1.79452279563
65 7824 -0.927664024897 -0.104077286474 0.0723804503431 0.775030258557 0.257436844775 0.367582100426 0.486001903605 0.867026272846 0.992957411746 1.26664942929 1.79452279563
66 7833 -0.924292945839 -0.101210069934 0.0534061144597 0.759872842403 0.263422640604 0.365585901164 0.506915013376 0.84288361258 1.00605481933 1.27574464289 1.78602047939
67 7842 -0.921814442314 -0.107020712996 0.0463061317267 0.738872059738 0.263422640604 0.365585901164 0.506915013376 0.84288361258 1.00605481933 1.27574464289 1.78602047939
68 7851 -0.927807206534 -0.00184449272288 0.0635020038922 0.732289016942 0.260743191747 0.376022596016 0.547158420332 0.848365305274 1.01369669922 1.29116012532 1.75409193028
69 7860 -0.93865738921 -0.0247685644261 0.00739964821951 0.75518187951 0.260743191747 0.376022596016 0.547158420332 0.848365305274 1.01369669922 1.29116012532 1.75409193028
70 7869 -0.944971563266 -0.0620268920687 0.0151309302957 0.777504371669 0.22446365119 0.347634119005 0.506139375782 0.801823156621 1.01099328979 1.34040856117 1.76376489463
71 7878 -0.948933198773 -0.00722690533254 0.00227717841382 0.776807484155 0.22446365119 0.347634119005 0.506139375782 0.801823156621 1.01099328979 1.34040856117 1.76376489463
72 7887 -0.951809416971 -0.0263470975575 0.0111129799023 0.785710008191 0.206211619404 0.351425433473 0.495656621604 0.807833716562 1.02320044814 1.35898497732 1.74411203967
73 7896 -0.954146088004 -0.00793807560324 0.0411907543418 0.7909461844 0.206211619404 0.351425433473 0.495656621604 0.807833716562 1.02320044814 1.35898497732 1.74411203967
74 7905 -0.954342103236 -0.0091468540821 0.0153460526141 0.792210792042 0.202675988734 0.372601354317 0.488171185128 0.786160633097 1.00762550174 1.39309446043 1.73427497817
75 7914 -0.952989146692 -0.00690148015391 0.0200908794526 0.780487291524 0.202675988734 0.372601354317 0.488171185128 0.786160633097 1.00762550174 1.39309446043 1.73427497817
76 7923 -0.953666837 -0.0139868708352 0.0173740304526 0.783613630335 0.205766164548 0.401463334498 0.49737147829 0.785699646963 0.99933474893 1.37777166585 1.74208508699
77 7932 -0.95718044301 -0.00683070920411 0.000933524144588 0.798861371398 0.205766164548 0.401463334498 0.49737147829 0.785699646963 0.99933474893 1.37777166585 1.74208508699
78 7941 -0.953887246918 -0.00510364179024 0.00274165596116 0.804308090606 0.202761129612 0.403365710126 0.478341713589 0.808976294396 1.01339166347 1.34676750696 1.75276501761
79 7950 -0.95231807261 -0.0265773000065 0.0642558366941 0.819512164641 0.202761129612 0.403365710126 0.478341713589 0.808976294396 1.01339166347 1.34676750696 1.75276501761
80 7959 -0.953160029276 -0.0216639726585 0.0510922965822 0.819151623024 0.208238506624 0.396910732665 0.462028051746 0.786316200066 1.06838894059 1.34815318903 1.73446347846
81 7968 -0.956280806168 -0.019373409964 0.0921183173128 0.838470214193 0.208238506624 0.396910732665 0.462028051746 0.786316200066 1.06838894059 1.34815318903 1.73446347846
82 7977 -0.957572296756 -0.0697237330852 0.0768491351518 0.846943126718 0.198490194653 0.38470919648 0.432099780458 0.76506642951 1.11111418525 1.33560569789 1.73843213903
83 7986 -0.956826361875 -0.13000630377 0.0666762019873 0.847811317537 0.198490194653 0.38470919648 0.432099780458 0.76506642951 1.11111418525 1.33560569789 1.73843213903
84 7995 -0.960028683698 -0.138958198117 0.0460297826939 0.85462489126 0.18713424281 0.379926534096 0.421752610888 0.774278473171 1.14582794389 1.28469243548 1.75496377577
85 8004 -0.960567992908 -0.124741417417 0.0498951614713 0.854975530618 0.18713424281 0.379926534096 0.421752610888 0.774278473171 1.14582794389 1.28469243548 1.75496377577
86 8013 -0.957200629487 -0.1449672056 0.0607185970762 0.850085648714 0.19660892224 0.36776568656 0.412928804322 0.762034634033 1.13757908394 1.26986497122 1.77995593576
87 8022 -0.948258753502 -0.00765960086362 0.17140611477 0.844373661344 0.19660892224 0.36776568656 0.412928804322 0.762034634033 1.13757908394 1.26986497122 1.77995593576
88 8031 -0.944412659796 -0.118662649979 0.0130393621462 0.831656095583 0.217620996558 0.354070946565 0.446332734726 0.760062346087 1.16954551508 1.251295342 1.76544341226
89 8040 -0.943504556321 -0.139372534516 0.0434866529546 0.83315462405 0.217620996558 0.354070946565 0.446332734726 0.760062346087 1.16954551508 1.251295342 1.76544341226
90 8049 -0.93954419794 -0.131896435198 0.00869661846837 0.828619154233 0.223042126449 0.354280204532 0.450645845499 0.748967724827 1.18198167472 1.25361748269 1.75842712198
0 8050 0.0 0 0 0.0 1 1 1 1 1 1 1
1 8194 -0.225431817695 -0.00891168865797 0.013110243905 0.137860380847 1 1 1 1 1 1 1
2 8338 -0.419400747728 -0.00678849171171 0.0445664609252 0.341833219396 0.674389397459 0.794684946646 0.936910841236 0.956037053201 1.05787078026 1.10718966476 1.33300655031
3 8482 -0.590388431926 -0.0249981850737 0.00497886254192 0.350146447002 0.491286114458 0.74367564365 0.933179720881 0.943806964353 1.07815411461 1.14491163511 1.4038338813
4 8626 -0.680682881701 -0.0202621014108 0.00444237106731 0.299905253789 0.393316360366 0.75188228219 0.851189976851 1.00805410689 1.06379308168 1.15716145993 1.43826264998
5 8770 -0.702941886724 -0.00125536150015 0.0466554238714 0.349050057815 0.351720703024 0.735866018601 0.78898809702 0.965439122874 1.11985538399 1.1308857614 1.49907976643
6 8914 -0.74050611389 -0.03326040481 0.00258524170409 0.299918074424 0.306799253222 0.706317301746 0.761833607213 0.95311273227 1.1279986105 1.15319833502 1.52181749786
7 9058 -0.734949712241 -0.0329257755363 0.00655251781192 0.228395694026 0.277753374233 0.75896987952 0.826308649781 0.939311176414 1.11802056304 1.19381537459 1.45139973345
8 9202 -0.759699809366 -0.00464277257102 0.00107640837875 0.295412989289 0.264612472953 0.755911665449 0.855943085111 0.943594471274 1.13951210938 1.24099151158 1.3773238264
9 9346 -0.735826299956 -0.0237644479992 0.0303348709849 0.353438799707 0.246257503077 0.73788383672 0.856588454168 0.937688271487 1.09872574126 1.31660530065 1.35692071957
10 9490 -0.747917967228 -0.069564263045 0.10967325085 0.469800378598 0.246816354035 0.630216676876 0.753988103609 0.9273381544 1.15677788371 1.20218307595 1.52645841549
11 9634 -0.65690264024 -0.0151997708229 0.0423739318785 0.43174118113 0.240539448192 0.693035177346 0.712200931364 0.994744508743 1.06830908957 1.32359600153 1.43941152086
12 9778 -0.656763097108 -0.0506666479289 0.0140487347094 0.356369303853 0.22982075864 0.676526593648 0.778335470197 0.991929763124 1.05688481193 1.27199539129 1.47132105493
13 9922 -0.74226349295 -0.0326419460846 0.0368118605299 0.365209847411 0.195894915097 0.679104528679 0.780131966683 0.908086376009 1.05486902865 1.2448899508 1.55071461347
14 10066 -0.742403039719 -0.0437339940616 0.0234558954798 0.451774069242 0.1737871473 0.621548018489 0.779903160487 0.953768755407 1.05896017684 1.31001976194 1.49264995119
15 10210 -0.726513431922 -0.00634341420026 0.000166183887905 0.43114031834 0.147657250567 0.554302759476 0.788146454981 0.930095317611 1.05789590832 1.36151749933 1.48721888067
16 10354 -0.770017269821 -0.0129646517556 0.00738845281073 0.386522996255 0.147119850593 0.554821902397 0.861425976806 0.921034070329 1.14696105198 1.32564773818 1.41679509932
17 10498 -0.747455649991 -0.00277239466746 0.0934859422166 0.39850233664 0.14949441856 0.564434882206 0.770473435196 0.900336035975 1.0897073242 1.3758941087 1.47454526541
18 10642 -0.727720412986 -0.00990655997619 0.0285563072686 0.473550813179 0.139656891599 0.57545758792 0.738973499196 0.858181091469 1.06051690194 1.33673284036 1.5669196256
