% # iter+eval+sigma+0+fitness+xbest, seed=215255, Mon Feb 22 01:50:29 2016
1 9 0.459645194075 0 667.97541406 0.00614422290131 2.80560617633 5.92405139342 -1.6198195451 0.330944739958 0.143500827496 0.00339109179662
2 18 0.423930105572 0 461.637291656 0.00609686439215 2.47737078158 5.51274324627 -1.66140252894 0.292987743546 0.146348746706 0.00501211546268
3 27 0.476017647545 0 863.799828773 0.00145252463733 2.31626527531 5.61582854326 -1.70253322714 0.318574932483 0.154289245214 0.00471031408581
4 36 0.441356736168 0 508.966947483 0.00202360297374 2.57271691461 5.30974801237 -1.61144707943 0.107989904851 0.149278352339 0.0535197132977
5 45 0.390082901376 0 601.681184807 0.00272566369633 2.51213252939 5.96579180359 -1.65757768116 0.140967548097 0.146431485838 0.00128306613596
6 54 0.354305309374 0 376.406380318 0.00548667146097 2.55924978433 5.53427831867 -1.6634080346 0.0978472828271 0.15258794638 0.0383810778554
7 63 0.336991522097 0 299.453388782 0.00467719699398 2.55563483177 5.44264914346 -1.61858899192 0.126379795546 0.150370063036 0.0890948590556
8 72 0.301415881844 0 309.061369616 0.00657431134192 2.5131700958 5.43077616498 -1.61701777504 0.30115738106 0.143697317714 0.0171889530888
9 81 0.273086143315 0 383.322238812 0.00446103092803 2.47455491185 5.57500573463 -1.59062189834 0.316941845639 0.151666859417 0.042443386802
10 90 0.244179563677 0 327.147527347 0.00267995032258 2.48542742121 5.56020600438 -1.61172859636 0.214186236862 0.15592662321 0.0541966690611
11 99 0.245119805042 0 338.311415961 0.00347086825979 2.49815101504 5.64615722992 -1.63194867304 0.238417622644 0.154051698954 0.0344127318702
12 108 0.22465170346 0 377.660968387 0.00272043940139 2.45996876875 5.54044099995 -1.62719741334 0.183051781603 0.152796243115 0.0348382370782
13 117 0.201002916258 0 393.95425057 0.00296600570886 2.45557075354 5.67642172441 -1.63607200802 0.163903304922 0.154252305947 0.0360082229905
14 126 0.198655588616 0 411.273534105 0.00476456624067 2.45718282801 5.55328448962 -1.66647117144 0.121184252525 0.151425390472 0.0482543278029
15 135 0.19783245368 0 407.52793077 0.00599917403244 2.48747178506 5.52539219451 -1.66421479917 0.158078103853 0.147783604271 0.0112947052387
16 144 0.190199257194 0 369.78146129 0.00552879168737 2.47328103841 5.46065105589 -1.60470274286 0.257287227652 0.154984232966 0.0294822959729
17 153 0.203996068754 0 336.600808681 0.00528439575205 2.51511853019 5.41354241788 -1.63214624241 0.212724388746 0.156304389452 0.0170529256339
18 162 0.232289883997 0 303.086314562 0.00572350645881 2.55530586368 5.39284618663 -1.64520673968 0.206362538558 0.158581105824 0.0138187990902
19 171 0.24327263037 0 299.043151516 0.0049236173623 2.63008138635 5.43988019148 -1.65352574726 0.177189773278 0.161554573205 0.0181878083723
20 180 0.243105033373 0 320.060537912 0.00271635109715 2.4587651789 5.39225090005 -1.6305104705 0.163612600359 0.163391780644 0.0531092167913
21 189 0.245251108964 0 283.964655495 0.00353459026334 2.4585897843 5.20913289783 -1.6283506023 0.21092496033 0.165937479507 0.0466622597873
22 198 0.221838125535 0 301.388565107 0.00416353337471 2.48074027454 5.39722456378 -1.62760976414 0.190261202704 0.162944597011 0.0574178898989
23 207 0.218212637849 0 309.260499027 0.00219058984577 2.45414636576 5.10042764028 -1.60416014623 0.165004802753 0.163219416957 0.0807252258921
24 216 0.215243236076 0 262.203373096 0.00446441594005 2.48986336761 5.03771677036 -1.62116003207 0.213714164605 0.16646967166 0.0467471414213
25 225 0.212312942458 0 267.053728062 0.00540108977134 2.43659429629 4.98892436849 -1.63210571826 0.184410135873 0.163905939775 0.0631801159467
26 234 0.208977889608 0 244.596089921 0.00428196933501 2.52143383721 4.89326931812 -1.63271774544 0.17252351799 0.173897330951 0.0695492333356
27 243 0.193276575636 0 247.982546666 0.0053475229584 2.55283819165 5.04748794326 -1.62257763115 0.18914848399 0.164824344601 0.0506397359383
28 252 0.192312525024 0 249.060916546 0.00483229519422 2.57501371532 5.0569682485 -1.63349153997 0.141840636157 0.165408945476 0.0572251961242
29 261 0.201622905759 0 210.035330877 0.00363955129837 2.66096758867 4.82608244699 -1.63318580437 0.129399642001 0.178206125659 0.0653720555435
30 270 0.20421782856 0 219.542539197 0.00416668938474 2.69025759 4.87133023028 -1.60994727947 0.14993143325 0.175382879622 0.0858813008862
31 279 0.186230804439 0 228.31981798 0.00428528904007 2.60230963146 4.96865572392 -1.63348800526 0.155687123468 0.171741441617 0.0565010746062
32 288 0.177273902186 0 234.127429509 0.00395875962545 2.57179697074 4.97041959745 -1.63400334488 0.120004152878 0.169266968823 0.0756063494005
33 297 0.161085962531 0 226.485641071 0.00335593481149 2.63015630828 4.97417100336 -1.6188939611 0.150866167765 0.173620174381 0.0775564216219
34 306 0.190949136259 0 213.985667866 0.00333125558808 2.70414951738 4.83056723682 -1.62371346172 0.121510059708 0.185281233234 0.103279678452
35 315 0.207463086485 0 227.343085502 0.00214419882555 2.62047059763 4.85545348378 -1.64269983291 0.0469131822751 0.184537992389 0.10461288837
36 324 0.236434722863 0 233.295360857 0.00257704807585 2.65023622278 4.95328329357 -1.64641466654 0.0330412317468 0.186116730005 0.116202868024
37 333 0.230424299311 0 218.601844161 0.00299109667523 2.59771774872 4.73829230003 -1.63091879737 0.141410125599 0.186819306946 0.0658200305615
38 342 0.242217597576 0 205.853036728 0.00458697440169 2.75828062483 4.57834029153 -1.63373420034 0.0784431257245 0.19040694095 0.0869544419202
39 351 0.245723304778 0 178.588503671 0.00248787155755 2.74306281101 4.68822060891 -1.62963748237 0.132307557439 0.190022665823 0.0784719290664
40 360 0.231555747356 0 184.223838422 0.00210064761012 2.74531787505 4.6456147451 -1.64419076561 0.0992392090839 0.194106163836 0.0869458092344
41 369 0.256760695734 0 168.144776355 0.000726334555668 2.84485789476 4.48339364595 -1.62585687032 0.112455242228 0.197934558642 0.0805117684498
42 378 0.282642534572 0 159.268354762 0.00420595155043 2.97352169792 4.40124461085 -1.65152296797 0.134448452525 0.201808434326 0.0485710717032
43 387 0.323660452866 0 131.504182686 0.0027437459481 3.10583557285 4.05698973687 -1.6348529813 0.114472542121 0.220077104897 0.0513332490011
44 396 0.351785631782 0 107.849600435 0.00447659934658 3.13938767376 4.1460663965 -1.63145909589 0.145908230668 0.213718756652 0.0421548791306
45 405 0.319923541729 0 163.588419345 0.00482392498763 2.8674766746 4.68564588131 -1.63651601779 0.124126660493 0.185062681913 0.0649280524779
46 414 0.328024494327 0 159.03946668 0.00710083318864 2.93323304761 4.50090585997 -1.62324958066 0.146278455565 0.196888069713 0.0511457725623
47 423 0.307558125241 0 199.287709487 0.00326367064833 2.97208587239 4.57902441099 -1.6591735552 -0.00578708471005 0.202172702425 0.12894889317
48 432 0.282183243072 0 138.96369136 0.00268305836547 3.02082621275 4.39255691763 -1.64117542214 0.0872524188132 0.204454028475 0.101912455045
49 441 0.285848728289 0 122.386245665 0.0024755754023 3.04888283884 4.21769425585 -1.64432954267 0.121011291435 0.214832378587 0.0617792822723
50 450 0.286638978458 0 120.052953942 0.00340966529968 2.9860292452 4.06851980515 -1.64578314022 0.0630482132087 0.217441981998 0.11180382071
51 459 0.2612506619 0 118.626337931 0.00300852134619 2.98468640011 4.15526117841 -1.63112077796 0.0932037364204 0.214427733533 0.106328464419
52 468 0.269093721567 0 124.071985121 0.00389403583243 2.91114328376 4.0739364249 -1.64069319754 0.0316412320447 0.213332485495 0.147822599626
53 477 0.246458451943 0 117.847574288 0.00228057011353 3.04606558565 3.93525130991 -1.62772929389 0.116124244966 0.22548062103 0.108507415231
54 486 0.247015659803 0 90.6992659025 0.00246348055139 3.27900632252 3.91038990104 -1.64253000714 0.0993412622842 0.233675105131 0.0778375321846
55 495 0.218216399347 0 110.163115928 0.00301674465446 3.11143768945 3.92647613651 -1.65190981084 0.0916485693305 0.222851167542 0.08068235706
56 504 0.224354932801 0 83.0679568508 0.00284969667215 3.28521694664 3.60344163946 -1.63856985249 0.108413367396 0.235001568423 0.0816797225703
57 513 0.211910053206 0 86.7973601422 0.00310054787107 3.21378625757 3.71352393925 -1.64447696716 0.0896825257062 0.233550369909 0.0926371504945
58 522 0.213287924684 0 76.0179191339 0.00120083517413 3.35045968496 3.61574328422 -1.63827242535 0.108030150633 0.238611780668 0.0700815364433
59 531 0.201468441927 0 82.4037111989 0.0020189789796 3.3082151272 3.46690148789 -1.65355032458 0.0934389896395 0.239371788896 0.0691669882166
60 540 0.192628747893 0 81.1712463843 0.0013191784344 3.293453613 3.63967780486 -1.63408417905 0.100443611998 0.233382678637 0.0795991171931
61 549 0.185300452072 0 71.8461620176 0.00112126332592 3.3220651237 3.41183305643 -1.64037827823 0.0991031918939 0.240733029692 0.0709222952781
62 558 0.190169337771 0 63.4366647112 0.000285204154532 3.45491720519 3.30559602888 -1.63791292387 0.102575775391 0.247451862092 0.0692778788549
63 567 0.17717518986 0 67.4533044062 0.00191315175597 3.40310011682 3.27506797035 -1.64073911016 0.11535167221 0.243192266475 0.054468275016
64 576 0.182676285833 0 62.3832120281 0.000992188132354 3.50009936294 3.23669564089 -1.64383556369 0.109580572389 0.254539132815 0.0463775126559
65 585 0.205404026559 0 56.2477077489 0.000103707135281 3.67661206619 2.9318502756 -1.64923655515 0.0966941453445 0.26759284142 0.0467833765903
66 594 0.227890693142 0 52.9920029761 0.00047753887849 3.71745275479 2.95133100085 -1.64835892274 0.102535635785 0.269315312709 0.0214474878438
67 603 0.216231539731 0 75.0232766286 0.00188826986857 3.52462448732 3.20683662142 -1.65340058674 0.0820518452392 0.255923002724 0.0516856657439
68 612 0.223934022772 0 65.341835462 0.00229157735092 3.50800927054 3.01898017436 -1.65305181674 0.0863605982174 0.26092173613 0.0523274540963
69 621 0.22404308611 0 65.5839274659 0.00201800332755 3.53116559575 2.88731568449 -1.65315981561 0.107107099659 0.262647602512 0.0360787427947
70 630 0.213315643653 0 61.6153268722 0.00434041363881 3.44742141007 3.22805032093 -1.64236784869 0.101820147547 0.253101708314 0.0622328339349
71 639 0.210935158267 0 57.9465894268 0.00286193144864 3.55591406628 2.90951841458 -1.6508316409 0.0915543154583 0.261046793057 0.0442641699585
72 648 0.210355605396 0 51.3033293617 0.00202210303169 3.61630751111 2.73865437376 -1.6469013458 0.0829229809007 0.267593139221 0.0715052369144
73 657 0.256500878475 0 51.3523321018 0.0031465497743 3.47222391355 2.72224699747 -1.64759229511 0.0958898397891 0.2575991193 0.0595375573618
74 666 0.332965158377 0 53.8560698495 0.00239262828702 3.40900187079 2.60383321538 -1.63871371845 0.110350858487 0.253770981198 0.042999691624
75 675 0.354086093171 0 74.4281597613 0.00286259166159 3.35453835109 2.82531364925 -1.65853655576 0.0875509458326 0.253279997579 0.0438453113826
76 684 0.393124515239 0 58.8331203942 0.00461357879139 3.29704745086 2.57034590012 -1.64640608354 0.0997070015418 0.249304631703 0.053058802814
77 693 0.396731880145 0 54.9310196825 0.00449657493177 3.13789719024 2.45920762066 -1.63240456504 0.11774337688 0.248767893764 0.094595387093
78 702 0.410312758255 0 46.754193671 0.00302291253699 3.32701167299 2.18705156965 -1.64238488244 0.102823949111 0.264980108886 0.0694041331915
79 711 0.429608480786 0 49.5169585747 0.00349572702279 3.51186200134 1.43660005854 -1.65776889317 0.0780447862687 0.286560964956 0.0581574335768
80 720 0.424200333308 0 50.4528237909 0.00686800949248 3.57444625663 2.27012145356 -1.65546964026 0.070908724148 0.27063396628 0.0859607733669
81 729 0.419715597026 0 52.9632477564 0.00666939759382 3.87494987679 1.92568076659 -1.65364787347 0.0704443146843 0.288838588646 0.0430426649616
1 748 0.475228374268 0 307.656327672 0.00559545763617 2.76121077713 5.94338515083 -1.63697926609 0.0194417981111 0.151960579441 0.100874384976
2 766 0.429781785911 0 710.400076488 0.00406355544065 2.50747169165 6.79541373393 -1.54955388487 0.296142773981 0.156221251583 0.0688795574418
3 784 0.386286750429 0 334.862400711 0.00411722017222 2.45311804252 5.52795893008 -1.61144541525 0.181492470636 0.152190072144 0.0742513795243
4 802 0.32221477314 0 428.025147921 0.00409089975756 2.70821657968 6.07430553313 -1.5761662778 0.203518876084 0.156242597661 0.0711221348449
5 820 0.268172730479 0 524.185359675 0.00353511802526 2.63625052057 5.77311350301 -1.65841022925 0.0943225596529 0.153726517984 0.0873584594975
6 838 0.279646821008 0 324.110415998 0.00398051995494 2.62762191402 5.76799917356 -1.62058376117 0.124267593466 0.155327738565 0.086470813703
7 856 0.278392603744 0 294.020280381 0.00551272460124 2.64982275992 5.62153891958 -1.63353916279 0.155875427857 0.161064472238 0.0419493190978
8 874 0.296211987883 0 253.844476383 0.00407837411568 2.69905842583 5.13635822148 -1.63563807921 0.0734974886267 0.158350945828 0.0755121467445
9 892 0.298218743395 0 275.11753527 0.00491237650308 2.74126818709 5.23644762328 -1.65530961465 0.0479336023279 0.156429779913 0.0718294962263
10 910 0.279667223548 0 239.15425034 0.00402150277045 2.81653234894 5.3886177124 -1.63873814051 0.0861884032795 0.151069326609 0.08021625113
11 928 0.221427850013 0 331.049600409 0.00520598993768 2.74777390157 5.53723908876 -1.5880377442 0.212703883534 0.153645591298 0.064606404849
12 946 0.250171861985 0 266.244569013 0.00508806070855 2.8550285811 5.62575784858 -1.60574885926 0.086713827368 0.152186439812 0.109866206484
13 964 0.266476443457 0 244.666984652 0.00581628350157 2.8769620231 5.4207805947 -1.60968292387 0.125359861019 0.151800462011 0.0859885705577
14 982 0.248697972273 0 259.637338814 0.00601394545405 2.90287137328 5.58352536102 -1.60518527089 0.0548922696626 0.161384105892 0.123148192966
15 1000 0.269618290236 0 240.727462307 0.00465690683246 2.94900136941 5.10755153747 -1.63052492192 0.0703402234641 0.147618868951 0.117181175666
16 1018 0.288576339687 0 189.950089736 0.00510033462907 2.99837469217 5.15497917354 -1.64020106951 0.0357073561825 0.149559148652 0.100688237252
17 1036 0.263892313434 0 206.905080774 0.00547173403988 3.00440782243 5.49010205734 -1.6277473169 0.0281970055916 0.150053719022 0.12343538088
18 1054 0.276082664142 0 195.460048172 0.00507610726493 3.1864692823 5.09340433339 -1.60723851509 0.0865959664758 0.152619436889 0.116053211032
19 1072 0.27586454804 0 180.281969333 0.0056445648222 3.05058039153 5.12799443063 -1.62586657777 0.0181040351439 0.153318852181 0.133510188247
20 1090 0.267792856499 0 172.02111525 0.00429200262852 2.99320271134 4.84087928952 -1.64225687758 0.0499782837078 0.145768730233 0.104556604418
21 1108 0.285596626587 0 157.234737746 0.00598126391331 3.0511425815 4.70055640142 -1.6374051312 0.0279851877621 0.149567176784 0.13837703605
22 1126 0.361677015547 0 149.245129516 0.0055134636866 3.22325490692 4.79724265114 -1.63795232211 0.0200111670436 0.146868162248 0.118901810293
23 1144 0.439994764475 0 111.089881899 0.00521567509352 3.31612218438 4.04963784921 -1.6527716992 0.010521471673 0.148130165667 0.131213858742
24 1162 0.471765120877 0 87.0116549179 0.00551016543234 3.36056823302 3.90271767389 -1.64215355715 0.0201434120572 0.142125957144 0.14627311595
25 1180 0.478398290921 0 93.2659562381 0.00779560142562 3.54370629468 3.39740162385 -1.65960191437 -0.00690658744366 0.143003787937 0.168188786967
26 1198 0.37984497985 0 137.262284553 0.00561378167227 3.32578947582 4.27497831512 -1.62064164145 0.00206741752761 0.143288501946 0.177353258721
27 1216 0.321651720479 0 74.8111139203 0.00461943112123 3.36610431327 3.56440946666 -1.63822905926 0.0507785749905 0.140737913853 0.114656458103
28 1234 0.298549153518 0 76.3821922935 0.00616080323301 3.59836900986 3.28220045363 -1.65179162192 0.050146417606 0.141812664297 0.115483926269
29 1252 0.269917097855 0 87.2667813208 0.00685191985602 3.39849680041 3.82475090449 -1.63299305778 0.0479974687628 0.135874998579 0.114445968207
30 1270 0.26081161161 0 73.6631351032 0.00663952491549 3.47820152985 3.61946665153 -1.63197903757 0.0359189453431 0.14247350154 0.161481411914
31 1288 0.277669310258 0 73.3162674082 0.00629731238198 3.55852791895 3.24155579973 -1.64878173286 0.058582657806 0.140770117352 0.106197032244
32 1306 0.30197598928 0 54.060767455 0.00655342191501 3.71952187839 3.1362819842 -1.64318379182 0.039355622592 0.137349432566 0.136868572736
33 1324 0.296914544165 0 51.9761174658 0.00684249171073 3.78395271359 2.6507709887 -1.65563508681 0.0303035302805 0.138024955319 0.149746462974
34 1342 0.293063633439 0 54.6015132742 0.00608315553922 3.74894176596 3.05279952456 -1.65037105848 0.0226299287655 0.1406750845 0.165405268621
35 1360 0.325312551655 0 42.3798531308 0.00616179296205 3.93168787519 2.19145113303 -1.64746329296 0.0507251348193 0.141004665647 0.136917558094
36 1378 0.360060204844 0 43.7897042803 0.00588335504392 4.04340145279 1.68853372781 -1.65168330474 0.0485298266555 0.137815582067 0.139678842706
37 1396 0.366658095994 0 44.3548215608 0.00728628759297 4.09550731368 2.21862745538 -1.64276325758 0.0392300710962 0.132228680586 0.157626212768
38 1414 0.357363164333 0 50.3226711222 0.00647182591494 4.06536459224 2.37321395454 -1.63233310549 0.0472321655187 0.128648828246 0.174700173724
39 1432 0.355427634734 0 41.3608412686 0.00607445836774 3.87434151554 2.22379120368 -1.6496932842 0.0357563697684 0.133562631895 0.173001756674
40 1450 0.350613607425 0 42.6702595555 0.00697079868989 4.21829958534 2.09070151556 -1.64873600491 0.0400137924268 0.121182705013 0.162049631868
41 1468 0.300878522577 0 45.1905907372 0.00661113775598 4.02922545402 2.33280295014 -1.65001749972 0.0292735905509 0.134148344614 0.168344694793
42 1486 0.261089344861 0 40.9636454583 0.00635361901942 3.99485771817 2.37090632423 -1.64591467297 0.0346800865212 0.130798285406 0.177135631111
43 1504 0.233196407711 0 40.8327438087 0.00656577479507 4.02175709505 2.35480998848 -1.6452265398 0.0377948243497 0.132367039171 0.169282709717
1 1517 0.290562650101 0 696.380524325 0.00278581764434 2.78346325243 5.69337129255 -1.62228565039 0.23899218803 0.148011734784 0.0608497864634
2 1529 0.281763714324 0 440.033906156 0.00253705501147 2.88207180791 5.55776594485 -1.56874084876 0.175155981327 0.152965562066 0.0674971635505
3 1541 0.245963320251 0 289.624178634 0.00340997415688 2.69822903805 5.48571991621 -1.62488053441 0.191977406565 0.149257691533 0.0485388831005
4 1553 0.247321740123 0 264.438865546 0.0032316818052 2.8553461816 5.69859281041 -1.60890571781 0.190359958212 0.155204521619 0.0391807705612
5 1565 0.230072765197 0 529.055414376 0.00261238878572 2.80688045237 5.63860780683 -1.66450407255 0.224088229689 0.1482332576 0.00766766058372
6 1577 0.226603141746 0 305.305302528 0.00404019152604 2.71936357734 5.74239485532 -1.62047047799 0.215423152872 0.151217885027 0.0362005358824
7 1589 0.21501417556 0 331.272764519 0.00493959836217 2.71175542584 5.68861683821 -1.6030880694 0.224094752901 0.143623748861 0.0490790602031
8 1601 0.197160373333 0 271.687210096 0.00404725891539 2.72962732099 5.53746862455 -1.61337195487 0.188321131759 0.146432778388 0.0490818761673
9 1613 0.189010550778 0 298.967282733 0.00424006871899 2.72040086883 5.56798423845 -1.60376741056 0.191946984194 0.145831341977 0.0403429941005
10 1625 0.177074545009 0 303.251889439 0.00348239546938 2.75477050863 5.54732320702 -1.60772892666 0.13690109335 0.145831288919 0.058164170991
11 1637 0.158650205407 0 256.922126527 0.00293420478864 2.78710108899 5.54660811898 -1.6386570465 0.162579520175 0.145757183062 0.0320741288596
12 1649 0.147399251174 0 264.647207428 0.00391208173987 2.75609268656 5.60716449091 -1.63671419297 0.0977025812118 0.142322632524 0.0628131241071
13 1661 0.122568255178 0 250.210204618 0.00352467740758 2.74046146458 5.45509397893 -1.63503774889 0.156262751366 0.143768920049 0.0383694276355
14 1673 0.106876624938 0 252.658588598 0.00385454313174 2.75523934551 5.51243201804 -1.61977596286 0.167556098427 0.144841486004 0.0457918434075
15 1685 0.102360127205 0 258.3779094 0.00410351032458 2.74625155742 5.45041172753 -1.61401306655 0.17502100001 0.142625461704 0.0529268892937
16 1697 0.107119761754 0 247.481197604 0.00331458905922 2.75574249252 5.40037383668 -1.63407536248 0.133804893156 0.141641644677 0.0558732139867
17 1709 0.143240093924 0 233.074730714 0.0041150775504 2.80822715313 5.31643071718 -1.6136106316 0.0979584422302 0.139569861639 0.0879911295907
18 1721 0.159703109401 0 236.682074778 0.00380746182235 2.84099943268 5.4213095305 -1.62403207582 0.123710033193 0.140790276232 0.0695316627145
19 1733 0.164409827627 0 242.775981246 0.00419506763746 2.82639267161 5.22739724361 -1.65384680933 0.0641465491805 0.141156841034 0.0652089968309
20 1745 0.163685482575 0 242.722355762 0.00518582179478 2.76416416217 5.31655129968 -1.62917251521 0.108185639757 0.137635857466 0.0778466521553
21 1757 0.172420605154 0 221.19763032 0.00425960780072 2.82907067729 5.22556452834 -1.63668524101 0.0491935467058 0.136445639607 0.0869718995088
22 1769 0.183647959023 0 239.85998606 0.00369408321884 2.85609612549 5.13592011262 -1.63338268604 0.0190072610472 0.131599306341 0.0987092910461
23 1781 0.188742767873 0 227.454636696 0.00445305267326 2.86119789586 5.07589723468 -1.64482030238 -0.0125426981612 0.133884899715 0.113720529562
24 1793 0.198031438125 0 189.298427383 0.00465416525042 2.90886618303 4.98394276854 -1.63486658278 0.0128191239713 0.13465109964 0.1176738262
25 1805 0.24912315988 0 163.56684062 0.00453444961273 2.93530374316 4.65420035904 -1.64555012714 0.0226847444945 0.129031291323 0.112574408853
26 1817 0.277577071827 0 154.715661263 0.00408492746374 2.98559910023 4.4294287872 -1.65289620348 0.00354210318924 0.132397123849 0.120108620744
27 1829 0.292605089281 0 168.313472449 0.00532108580178 3.0455606773 4.25357786731 -1.65850701039 0.006334302049 0.129833400658 0.137465666214
28 1841 0.286754105866 0 158.959940071 0.00554703069837 2.94963025348 4.57559575709 -1.6283398303 0.0876887629345 0.132570307996 0.0946531666282
29 1853 0.269667449942 0 158.029651594 0.006492734728 2.90806026926 4.60875122669 -1.63955106191 0.0173296300056 0.131678106638 0.128884655268
30 1865 0.245458117728 0 156.225478692 0.00547447711421 2.97298001839 4.43601889784 -1.65093937687 -0.00767030633708 0.128658365071 0.126921288266
31 1877 0.236146130499 0 143.081589693 0.00541967249643 2.95343321737 4.48087028961 -1.62493027344 0.020713667654 0.134201956994 0.149153654477
32 1889 0.256854337187 0 154.25270481 0.00614692625285 2.91512069181 4.35632592899 -1.64996770635 -0.0630591410479 0.129448494175 0.190721078054
33 1901 0.26805739717 0 127.710871859 0.00617158000657 2.97535105438 4.16561255067 -1.63157717727 -0.0329738178645 0.130407314192 0.186486397115
1 1938 0.417653551875 0 326.042592394 0.002077819523 2.71261326825 5.56621711088 -1.623224602 0.17405137746 0.144914361402 0.0631948418637
2 1974 0.364946506755 0 390.367442818 0.00436596204609 2.85640933955 5.60671600159 -1.57000769246 0.224300300812 0.150129443932 0.0502367858726
3 2010 0.34171526469 0 374.679153206 0.00421037220475 2.8378843039 5.86254446561 -1.61811257705 0.194781393196 0.156339242544 0.0561038697347
4 2046 0.410441536607 0 321.716385046 0.00474455960884 2.56427584275 5.44541206449 -1.59934186844 0.332760602771 0.156329648537 0.00209164483886
5 2082 0.451000389672 0 265.269353158 0.0032203784335 2.78214966417 5.47143196121 -1.61126615098 0.20872408475 0.152052374136 0.0193447975795
6 2118 0.452711306839 0 301.864820561 0.00568488496618 2.66861088477 5.4516199505 -1.63463758113 0.282530782617 0.165150351745 0.00302125348805
7 2154 0.486108416725 0 233.086505061 0.00463733350126 2.95051736264 5.16523017746 -1.60445107848 0.113064222367 0.154445408719 0.105511097029
8 2190 0.49189262416 0 245.231217254 0.00494731208224 2.71349921924 5.28100856498 -1.6323434449 0.101246209336 0.15298638143 0.0664144167812
9 2226 0.517383259662 0 198.770033099 0.00282140093273 2.87585156384 4.93914944411 -1.64292583191 0.0442983272906 0.158499657325 0.0925018431271
10 2262 0.465840930659 0 196.642176399 0.00457426658716 3.00371787331 5.08391950239 -1.64918420293 0.0310072882115 0.151030431551 0.107236405257
11 2298 0.412213188845 0 261.356709719 0.00363337530669 2.75443924122 5.1437832738 -1.59779288476 0.121561393136 0.161658551063 0.10222712529
12 2334 0.376346640434 0 212.910706406 0.00494612973829 2.90050492157 4.7571279425 -1.62118567945 0.0109695982774 0.168257502546 0.140450955921
13 2370 0.317775583235 0 172.269263048 0.00407411488491 2.94151042946 4.68851496342 -1.62903328101 0.0391198043954 0.16249403505 0.116320097538
14 2406 0.334069013859 0 161.774202582 0.00422794511997 2.90185694222 4.68188125216 -1.62742055473 -0.0161742480968 0.160868646699 0.171438659295
15 2442 0.407336560321 0 143.831729898 0.00536978435574 3.02802492971 4.51217736257 -1.62345409051 -0.0151448269171 0.158298298665 0.18530675281
16 2478 0.464094315118 0 136.724427484 0.00566844280769 3.00418407435 4.42464451905 -1.63420145766 0.0342711342263 0.164609297736 0.127318993103
17 2514 0.527270093438 0 132.742798302 0.00717622530207 3.09599425999 4.35433956823 -1.63143901069 -0.0364536979757 0.164659850068 0.202304462966
18 2550 0.491360812705 0 123.488413694 0.00634037934606 3.14477760158 4.12032071217 -1.61708845977 0.039590582781 0.156341840143 0.170476576841
19 2586 0.621976960375 0 101.238986459 0.00417848192541 3.0321317246 3.83531900837 -1.6294611259 0.0822007353492 0.172323314196 0.109146615689
20 2622 0.65462714126 0 94.0724648891 0.00707388227838 3.19166723253 3.8842535015 -1.63207100724 0.0279593403129 0.165726173174 0.169988825652
21 2658 0.826205097003 0 58.5189907426 0.0063378992521 3.18669766024 2.88621959864 -1.64025876812 0.0342935025543 0.166233267549 0.183675752926
22 2694 1.06950565985 0 61.3806327937 0.0089240088435 2.96083885588 1.7449364554 -1.66573063129 0.0512984866468 0.175506422759 0.150055900849
23 2730 1.19170925771 0 64.2729846516 0.0126784313445 2.88756046828 2.82515595269 -1.64096784446 0.0192873034289 0.155139135345 0.195207020198
24 2766 1.13411397095 0 46.2245189983 0.0123312983372 2.97221444599 1.61591899446 -1.6546895563 0.0458352740133 0.192467291291 0.23601319922
25 2802 1.10093078336 0 57.5153227585 0.0127658365218 2.99159202768 1.48894872901 -1.65978149304 0.0468414228802 0.173187262812 0.238840584747
26 2838 1.09985453849 0 54.0627260382 0.0136097981352 3.04491963361 2.42232836004 -1.64629230286 -0.0503380152872 0.16533341527 0.328181488911
27 2874 1.09935241937 0 40.176373045 0.0151894270058 3.10830980041 1.50365667387 -1.6504136507 0.0453650966939 0.186284441889 0.239777879094
28 2910 1.06208459059 0 49.844365918 0.0106567212583 3.11365410944 1.67056792163 -1.6341392262 0.0781472053149 0.20440827954 0.188804440201
29 2946 0.875815285467 0 44.5030870101 0.00897594004791 3.246812376 1.75334430744 -1.64143940094 0.0509550773186 0.17988771442 0.243089966305
30 2982 0.798301304195 0 48.6880218347 0.00621870443446 3.24575675648 1.34507662965 -1.65415373516 0.066672167168 0.18220866808 0.188865649397
31 3018 0.693430091417 0 40.34849504 0.00977471019984 3.41150985934 1.83736938738 -1.64317601953 0.0492389286346 0.184538394612 0.217142227021
32 3054 0.686893877602 0 41.6450321724 0.0112985126611 2.94757424647 1.63783366001 -1.65065953717 0.0491232827445 0.181546590392 0.22100912917
33 3090 0.610922045057 0 40.6819574003 0.0121799755903 3.38157737094 1.59183209094 -1.65155408429 0.0536854482775 0.180385327822 0.18964102997
34 3126 0.592013157558 0 40.0477654911 0.0124850025902 3.14077041351 1.77091218793 -1.64549921109 0.0365118618509 0.17571952372 0.250449446913
35 3162 0.577220644466 0 40.7305699229 0.00896655183306 3.04311027802 1.5069197757 -1.64336181123 0.0678487334616 0.190300312418 0.219174299255
36 3198 0.503821219716 0 39.7090283217 0.00905954650968 3.2960567231 1.63030819432 -1.64842490338 0.0499698151984 0.191987350093 0.216569575586
1 3226 0.0503682486276 0 761.111068348 0.00376512959709 2.73545126276 5.81927811658 -1.57574708318 0.290477340532 0.148456631077 0.0778853021654
2 3253 0.0721671622851 0 479.685331133 0.00331759693338 2.72320202231 5.86616691204 -1.5700445211 0.273212110006 0.150381950563 0.0608278231668
3 3280 0.0987091230792 0 433.892050688 0.00308357332125 2.72956015657 5.86521804524 -1.58584360652 0.254928143829 0.151764883996 0.0583311254142
4 3307 0.132835436134 0 378.010305819 0.0034598480002 2.72030327153 5.84814969883 -1.59817844614 0.275438601983 0.152603430639 0.03367916648
5 3334 0.1477725518 0 356.058772951 0.00329162891917 2.74074340307 5.84865651902 -1.59048105743 0.257063668066 0.148852315035 0.0371019524566
6 3361 0.168899253003 0 356.79437483 0.0041749732831 2.73491211832 5.75604531569 -1.60458197292 0.179413892007 0.147321227457 0.0337773637337
7 3388 0.159505899506 0 290.832187623 0.00307430485231 2.77753853009 5.7527416073 -1.61103829635 0.22482644804 0.14999696306 0.0113372472806
8 3415 0.201436395858 0 276.54003369 0.00334344757151 2.77662970227 5.70596952811 -1.64289750968 0.16873960236 0.156781301483 0.025871696165
9 3442 0.199597522819 0 265.787076217 0.00276425138129 2.75106951602 5.62042420826 -1.63376111959 0.188683822053 0.149411440167 0.0152832157814
10 3469 0.211882514141 0 234.343170896 0.00304311061453 2.89943605816 5.53709212309 -1.62566434578 0.141925623349 0.146658182742 0.0528060495913
11 3496 0.250870784716 0 238.999686271 0.00242286871417 2.76573049188 5.10010599419 -1.64716295555 0.0965939120298 0.152921028041 0.0731577793763
12 3523 0.295947176883 0 272.020867209 0.00295941022916 2.89371469001 5.27518691812 -1.66538507633 0.0759308895995 0.149253638238 0.0549151200476
13 3550 0.313601281855 0 271.10742227 0.00357397457159 2.80739873048 5.60818387558 -1.60673088494 0.0737486823537 0.148073345037 0.106645772886
14 3577 0.329738706287 0 230.140561469 0.00371661013937 2.88977191882 5.00788859945 -1.66080418523 0.0467501009209 0.155588371111 0.0766014046919
15 3604 0.387199378747 0 207.226352075 0.00450504718353 2.825106975 5.10048005279 -1.64028313377 0.0760725883128 0.153588436245 0.0785367592845
16 3631 0.39507107742 0 229.405303768 0.00579090897461 3.03457230122 5.18716020593 -1.59995260839 0.10982923104 0.14989161947 0.086394098004
17 3658 0.431956445612 0 206.717293978 0.00513635096949 3.01507804535 4.95039956871 -1.64560679742 -0.0546825595297 0.153680959581 0.159999854596
18 3685 0.374910412715 0 197.724472311 0.00537857969632 2.94083399688 4.94083672833 -1.65254893919 0.0923851086329 0.141604092684 0.0419518740345
19 3712 0.360486604769 0 167.921929062 0.00453435564212 2.91467269205 4.72138203122 -1.62536635392 0.108630014258 0.148262371772 0.0826639079866
20 3739 0.339479605813 0 186.906773505 0.0037387957173 3.11120955327 4.91444120786 -1.6392682045 0.0719191827795 0.144520134544 0.097579985377
21 3766 0.372487829361 0 159.16685797 0.0059893281885 2.90315059624 4.35188533061 -1.65300236717 0.120474846183 0.143145229686 0.0363205086147
22 3793 0.419933495722 0 136.457178151 0.00744134210195 3.13952216681 4.57380697318 -1.62336351386 0.0837054513384 0.148197898309 0.086741839102
23 3820 0.504991956525 0 127.227783904 0.00663373607763 2.90389036123 3.90182441421 -1.64425339468 0.0607123910644 0.151460152871 0.117618518668
24 3847 0.496191774816 0 146.772791564 0.00251143132215 3.15014884699 4.17354449806 -1.62928152184 0.0890953790789 0.143754431018 0.107808362133
25 3874 0.522937557106 0 97.9433427896 0.0112881415609 3.31359259146 4.04048126616 -1.62652158852 0.10071862862 0.152783265372 0.0672243628298
26 3901 0.545638346016 0 94.0525198269 0.00860731526259 3.54485633413 3.25268654406 -1.64938704071 0.0679711939678 0.14841379946 0.102856776964
27 3928 0.571786558698 0 100.728271247 0.00833376073781 3.23507381524 3.24572353765 -1.66373351839 0.00694038019709 0.152126066952 0.139043777224
28 3955 0.547549109229 0 71.5622558458 0.0088765973041 3.07369967475 2.97672464566 -1.63243007643 0.0830126568603 0.15968306845 0.105458133438
29 3982 0.62585885655 0 58.2331898803 0.013909500105 2.92360212662 2.27581510717 -1.63417219485 0.1108000954 0.153749222964 0.0889916312357
30 4009 0.593039173458 0 66.9724607689 0.0137901606607 3.00093160787 1.90349304862 -1.62403922228 0.127298756318 0.163016011673 0.12570037572
31 4036 0.471441301108 0 63.0745473418 0.0101835782984 3.27183142646 3.05503771358 -1.64499781989 0.0569578532596 0.149151591352 0.112561915622
32 4063 0.484509818518 0 54.1315501291 0.00925660467931 2.98230142437 2.31465355713 -1.64269716747 0.0529330119906 0.141866856805 0.151375601301
33 4090 0.56769094026 0 41.618172202 0.01187574047 3.06890878759 1.57726085481 -1.64901785216 0.071342485239 0.154478182509 0.154164551172
34 4117 0.539377257302 0 47.0540783916 0.00997753498215 2.87983215806 2.08850599103 -1.64455714969 0.0488502969985 0.138125956183 0.185171176012
35 4144 0.626696587564 0 43.596767584 0.0117788572594 2.94596373978 1.49862201891 -1.6462545698 0.0588216078736 0.126906509674 0.191189521131
36 4171 0.592188167025 0 45.1280354504 0.0117635743611 2.77295342444 1.53364753871 -1.65229186124 0.0911704509167 0.143672578584 0.128319178982
37 4198 0.603956516058 0 45.6154109655 0.0143538831837 3.04386638558 1.86372080622 -1.64391228742 0.0496731061023 0.152231960502 0.18980273894
38 4225 0.556244762395 0 48.0879537637 0.0137368943478 2.86738054027 1.58756579204 -1.63693406531 0.0760056421106 0.150497671592 0.192430094293
39 4252 0.562833266875 0 41.7092606758 0.0134809495646 2.88585095897 1.60521535678 -1.64434161696 0.0699284845903 0.145257949866 0.191106643136
1 4325 0.542826750103 0 288.678544255 0.00698115325307 2.89523578145 5.79198301488 -1.61680324757 0.087757260057 0.142253943831 0.103056813674
2 4397 0.530776547511 0 395.521311148 0.00552941284152 2.4227578707 5.614733386 -1.60224119332 0.108230138982 0.151563963702 0.0911281509966
3 4469 0.489901105404 0 282.423957807 0.0059209731601 2.66342551142 5.62309497386 -1.62574636787 0.0469867610544 0.150411054695 0.108950736967
4 4541 0.478740415985 0 270.411541759 0.00318502402106 2.70510059964 5.54436172432 -1.63873091764 0.134013864809 0.145796089026 0.0494771815842
5 4613 0.444481086756 0 304.427563685 0.00296166565666 2.72050517149 5.78823062351 -1.62014857839 0.11317152419 0.148320325532 0.0637189640502
6 4685 0.421548342413 0 259.277572034 0.0025792778172 2.95280913693 5.92668627954 -1.61426195918 0.0681402815895 0.15442196886 0.10412667873
7 4757 0.437325183916 0 231.765679299 0.00454651371554 3.08832236668 5.58812864042 -1.60407113365 0.0584251176183 0.157430482342 0.128759102965
8 4829 0.493662054187 0 235.995825359 0.00409161493181 2.98502524586 5.62433918417 -1.61031328842 0.0375682091815 0.152390704028 0.135382675839
9 4901 0.552711871061 0 205.240018687 0.000585434302646 3.21085319963 5.52257344087 -1.64351371184 -0.00547987409787 0.162007909566 0.127636146864
10 4973 0.571877892554 0 158.795521358 0.000317451046102 3.4740839184 5.32351594542 -1.64203541737 0.021425761891 0.160876548336 0.136779149024
11 5045 0.716568874099 0 138.136842147 0.00410971360079 3.62258664937 5.20568322908 -1.62694200374 0.0566269750191 0.150488211243 0.110694675748
12 5117 0.808710589147 0 128.753515351 0.00411625185178 3.373613759 4.7881047237 -1.63770840412 0.0289732304896 0.148681034952 0.117264287184
13 5189 1.02283811151 0 88.7522699424 0.00626783037803 4.3630830279 4.60580587469 -1.62863541676 0.0459728936309 0.157688828305 0.0929509957512
14 5261 1.22354203251 0 83.241441007 0.00363682234979 4.07141210601 4.27763204263 -1.65057578673 0.0335637036818 0.158932477534 0.0975979654057
15 5333 1.42147687663 0 65.1779388653 0.00627567853623 4.39033512877 4.22433930553 -1.63926595736 0.0430245153834 0.161037898294 0.112469520586
16 5405 1.5013185007 0 57.8660374901 0.011839953512 4.30247209814 3.46705681798 -1.63332526288 0.0653963142768 0.17275388468 0.0580112897822
17 5477 1.65204897914 0 55.3315868997 0.0119088505447 5.10500972081 3.01975647609 -1.63156343223 0.0515259892191 0.179033757277 0.103589499504
18 5549 1.9298475094 0 44.5359896614 0.00533527768841 4.00095069617 2.48213770714 -1.65121630052 0.0536677796298 0.17734861986 0.0966510396323
19 5621 2.03968026157 0 54.3935885692 0.00707390361829 4.32835163471 2.21388458898 -1.64976306339 0.0354865140915 0.234026214321 0.15441872696
20 5693 1.74999997942 0 53.5511300631 0.00499553890193 4.75603571832 3.92690531194 -1.64735023715 0.035091226994 0.192349237701 0.119010780093
21 5765 1.58778853894 0 45.7554549601 0.0072652495147 3.97623758752 2.75657955929 -1.64407246914 0.0631586393292 0.218254585241 0.103656149008
22 5837 1.66062197385 0 42.1644904936 0.00972510862789 3.93362800025 2.07328462471 -1.64740383037 0.0518088263877 0.185475854399 0.125768884234
23 5909 1.43985090457 0 45.7469485872 0.0127989337101 4.8917936248 3.15329071879 -1.63941698795 0.0485154594634 0.204601766048 0.108024788604
24 5981 1.43674251382 0 40.4404167653 0.0130564804536 4.65258103525 2.37746939823 -1.6480299871 0.0490000997508 0.141740134817 0.0623651047465
25 6053 1.52376628752 0 40.8468676405 0.0135395028751 3.6194001586 1.67720663617 -1.64583484686 0.07796572686 0.165455234758 0.0812523833529
26 6125 1.50557111979 0 40.8109706181 0.0130149712471 3.70673862846 2.01926311779 -1.64612330163 0.0596142052901 0.189415355828 0.131959776582
27 6197 1.42374422155 0 42.0566488717 0.0154524571192 4.16318303229 2.23082092866 -1.64034319733 0.0652071578377 0.19902301075 0.0927756246155
1 6218 0.23499640418 0 463.806629248 0.00332444991552 2.7102588318 5.77667055479 -1.58197033118 0.224989915669 0.153082372266 0.0836416765603
2 6238 0.255975669156 0 425.945143889 0.00439552708212 2.70528034328 6.14276832769 -1.57795709196 0.336017977 0.151811490561 0.0093123997936
3 6258 0.251114656569 0 364.114574583 0.00399752109035 2.81677381077 5.96698536573 -1.58698505807 0.223855670579 0.154808846435 0.0326124046156
4 6278 0.303612673774 0 361.264261848 0.00706150613639 2.85294475805 6.13422213133 -1.58755149007 0.189003622514 0.155812460061 0.0629723538867
5 6298 0.325085202418 0 316.964166086 0.00539408322343 2.80631818479 6.21456199046 -1.6148313435 0.193649730859 0.154901195739 0.0309850371362
6 6318 0.378000400609 0 336.02308124 0.00634126782048 2.95310466467 6.31008539444 -1.59963193677 0.0908450264773 0.148753428494 0.108194898518
7 6338 0.397273823117 0 311.336979251 0.00547874178453 2.76302900633 6.07060133972 -1.6311045655 0.0571066630866 0.154905792167 0.0963111275654
8 6358 0.388980925036 0 323.801161576 0.00306419113374 2.97820791235 6.33961164569 -1.63245926107 0.101418821061 0.151649680115 0.0742379437517
9 6378 0.393104326851 0 293.869435177 0.00683792907158 3.01998522675 6.18428577869 -1.60842279894 0.130631807841 0.151675482323 0.0732090657651
10 6398 0.363866202045 0 331.135578261 0.00616954909882 3.25243196842 5.98237005505 -1.59976701382 0.102522110654 0.151155379179 0.113385956987
11 6418 0.347728997174 0 316.396892301 0.00916066727916 3.16960190275 5.97087532695 -1.59819321577 0.0219501029336 0.160575028264 0.182039914347
12 6438 0.355309794094 0 278.178136513 0.00781186398765 3.17907448875 6.14343777974 -1.59725558153 0.060784178932 0.145774179569 0.115989483329
13 6458 0.36264170047 0 261.460304928 0.00946424158321 3.13357409207 6.02363299116 -1.60496375527 0.0923259346851 0.155053905907 0.100204749167
14 6478 0.419631681104 0 238.941250047 0.00901511341219 3.26032823193 6.35103798923 -1.62700995535 0.0188859539455 0.146003162536 0.124089303168
15 6498 0.431534192581 0 248.934175839 0.0093587168599 3.43480719919 6.37386144242 -1.62733981164 0.0497174939508 0.137771898784 0.070469141513
16 6518 0.414494170605 0 249.972067278 0.00654494232149 3.34817072989 6.37836200416 -1.65053736416 0.0701359005237 0.148832633909 0.0511400858202
17 6538 0.429674060002 0 251.754096348 0.00543493392774 3.46835625735 6.13629508447 -1.66129184322 0.00570629548975 0.139224330409 0.0867857498339
18 6558 0.458494106531 0 203.506664705 0.0041766632641 3.38224016484 6.03535976171 -1.63925489437 -0.0161051410693 0.139362830177 0.140073180753
19 6578 0.491903648229 0 192.165061047 0.00177537366251 3.30245829721 5.68206326604 -1.6402378197 0.0525329637424 0.13871773792 0.0876105542786
20 6598 0.495511978991 0 223.88413531 0.00390012281181 3.23412944711 6.00298866252 -1.63274817394 0.0204487595387 0.133270731125 0.102724101998
21 6618 0.457963741668 0 212.229631583 0.00591619794972 3.57607418093 6.57929279164 -1.62794615632 0.0312265112106 0.13817324011 0.100010775791
22 6638 0.425168997432 0 214.452216618 0.00226569538069 3.34081348046 6.03998955044 -1.64385512183 0.0256445220713 0.128865694902 0.0904434484215
23 6658 0.44830942753 0 187.647174538 0.000540891135577 3.40902687823 5.41336561394 -1.62389445872 0.0908192358661 0.133676467484 0.0785198475315
24 6678 0.482771809763 0 189.207697756 0.00469606137111 3.62023544186 5.67662013219 -1.60871058607 0.102574933638 0.14728778125 0.0708457191785
25 6698 0.498900494868 0 190.282454962 0.00208831763011 3.36497350594 5.42483139756 -1.60955499949 0.0432709471295 0.147627309011 0.125357299018
26 6718 0.46519880057 0 146.345239577 0.00504712999832 3.63280066733 5.60397601904 -1.63588735554 0.063996778338 0.144126518838 0.069444465931
27 6738 0.500450130947 0 130.527679546 0.0036585948143 3.72255273959 5.39352994469 -1.63779195283 0.0832380716284 0.137839442428 0.0384167255693
28 6758 0.641947383951 0 125.155899386 0.0066408596248 3.88508059787 5.42344346152 -1.63503584712 0.0515572427462 0.139394781716 0.0715568880716
29 6778 0.694207669004 0 96.2672582594 0.00666162519239 4.04134862241 4.98482784447 -1.63512970841 0.0368984467492 0.149765584129 0.108405627663
30 6798 0.777154135658 0 112.264539367 0.00198526190973 3.57294524319 4.32507240127 -1.62903673499 0.12696245087 0.148438901812 0.0169351904662
31 6818 0.824803596624 0 151.836567239 0.0068320502147 3.55498148409 4.65140223798 -1.61865422926 0.11982874403 0.146988884203 0.0531067362887
32 6838 0.746974283344 0 136.78510024 0.00398773269065 3.53725699362 4.57145748562 -1.64132407862 0.0983741487043 0.133850864569 0.0442635151827
33 6858 0.684294417572 0 114.573192573 0.00557752030241 4.23876431833 5.48683419396 -1.64427745193 0.0753895784371 0.139278375018 0.0209143835853
34 6878 0.826639946248 0 78.1501186307 0.000657489258608 4.23411813511 4.59203435765 -1.63895402631 0.0510077634888 0.108405112143 0.0579636195506
35 6898 0.789277881683 0 118.637058365 0.00448084601205 4.22780024436 5.38249855945 -1.65278460473 0.0467048415843 0.14116633987 0.0641533340096
36 6918 0.687789124216 0 76.1907372103 0.00240556895407 3.90613021244 3.91922628688 -1.62954057714 0.0554244643988 0.142729624529 0.0963753296646
37 6938 0.630510020763 0 86.0896855069 0.00190586619498 3.94782753216 4.48648846507 -1.62927129411 0.0555738309718 0.140338097408 0.0985652500056
38 6958 0.550393276406 0 80.8309962903 0.00685481464771 4.34708419237 4.8227855821 -1.6430734563 0.0552819453501 0.13853418882 0.0484969548937
39 6978 0.473599597696 0 82.4755370543 0.0026072861956 4.3459192978 4.33536372621 -1.63437156221 0.0402930596306 0.123814375092 0.0857092583645
40 6998 0.449469866024 0 77.3809949806 0.00832955863219 4.40104331047 4.79041644323 -1.64037734345 0.0548927264363 0.139727970058 0.0524591494599
41 7018 0.454955817903 0 72.267081069 0.0030532065404 4.26354177995 4.38599362668 -1.63223353329 0.0502449211212 0.137525193797 0.092418391609
42 7038 0.493523378678 0 66.9148003819 0.00424776118395 4.21605744975 3.93444572688 -1.63142584213 0.0607611453758 0.135265000688 0.0664919351636
43 7058 0.459962970302 0 66.750803301 0.00254523209546 4.57510152717 3.89974547365 -1.65123895674 0.0397169738034 0.128535111843 0.0555290203185
44 7078 0.502529577122 0 56.3691547048 0.0037044193091 4.60237491172 3.91829885105 -1.6387697037 0.0481414862516 0.120551618738 0.0645288558227
45 7098 0.519376171726 0 53.4507966913 0.00680044895174 4.72304658003 3.84713302937 -1.64606694472 0.0536343541411 0.136925806528 0.0373250412224
46 7118 0.533025903667 0 51.0383982674 0.00519210061236 4.63719230074 3.5824977613 -1.64083050091 0.0561723874938 0.133484601216 0.0358085185271
47 7138 0.56162431363 0 51.8829810096 0.00438445978296 5.07766441193 3.35157137795 -1.63216324282 0.0591867595502 0.116826853806 0.024934729446
48 7158 0.551151039775 0 48.9612210501 0.00543673728215 4.73416877192 3.51172639968 -1.64656329091 0.0547753994424 0.132935270324 0.0306418130484
49 7178 0.491270523106 0 42.4197925768 0.00202461928482 4.90026187705 2.98427833894 -1.64500844185 0.0497764212881 0.118604995012 0.0367732830241
50 7198 0.486064728244 0 47.5547283666 0.00311610158157 4.6299603445 3.3533209256 -1.64251415097 0.057197605517 0.124310508524 0.0306389837741
51 7218 0.429761056766 0 44.2345321619 0.0026480663134 4.57483908686 2.64129238029 -1.64748351815 0.0614519908267 0.127251872432 0.0193287460191
52 7238 0.4229669186 0 42.515940785 0.00252635373803 4.81626355455 2.73911203882 -1.64534990765 0.0533653396447 0.120383781813 0.0404725138694
1 7248 0.00605469506646 0 1180.99537108 0.00353376636555 2.74638516152 5.86125390517 -1.59978373965 0.305514232552 0.150170255168 0.0749627677606
2 7257 0.00715886138551 0 1079.71996218 0.00352828885309 2.75081471475 5.86305056861 -1.5951950039 0.304461208489 0.149993824328 0.0736013000286
3 7266 0.00935475708037 0 982.084384107 0.00348909141819 2.75225213335 5.86126408027 -1.59024079326 0.300460316805 0.150160508429 0.0742978144989
4 7275 0.0128069172635 0 865.842621145 0.0035171142189 2.74778205933 5.86916193844 -1.58613416542 0.296509534114 0.150074330019 0.0729868639512
5 7284 0.0181529950748 0 762.93106786 0.00350466772978 2.7482266864 5.86913022067 -1.58353469355 0.28915517152 0.15002903969 0.071850493787
6 7293 0.0245976987655 0 643.340572564 0.00345090506689 2.74744657424 5.88230866471 -1.57299680561 0.286699579488 0.150145292085 0.0702653714148
7 7302 0.03060238972 0 585.053333564 0.00354126396415 2.75426448393 5.88787624231 -1.56235680301 0.28090138318 0.149959488164 0.071112739771
8 7311 0.0392560716679 0 536.036641869 0.00343589848272 2.74004439268 5.88098605968 -1.55952578422 0.27095966372 0.150663042683 0.0708918061328
9 7320 0.0453548501835 0 483.145179604 0.00361973860758 2.75307589362 5.88035702227 -1.56697923208 0.264911178145 0.150570385167 0.0633044217238
10 7329 0.0503285608929 0 465.979982364 0.0035494439005 2.74543925815 5.83897975666 -1.57312442973 0.250356757378 0.151110073816 0.0691037844636
11 7338 0.0571126645231 0 417.170192348 0.00344141167176 2.73498620739 5.88236450997 -1.57329759935 0.224058833392 0.150683147562 0.0669471211793
12 7347 0.0577619726535 0 441.472039114 0.00356854253634 2.72798802844 5.90683430185 -1.57836933366 0.244439226579 0.15037943234 0.065923581745
13 7356 0.0668892954832 0 401.607138723 0.00390489936581 2.74407944309 5.89989699978 -1.57647371843 0.196436224431 0.152556480965 0.0745852635505
14 7365 0.0690246907245 0 402.360640129 0.00382285830886 2.74877891048 5.97622261977 -1.57858511896 0.230568209848 0.150541852158 0.0583515603348
15 7374 0.0679217905144 0 327.075044865 0.0039538269739 2.76343761185 5.88119577886 -1.60416368052 0.201093172564 0.15204926632 0.0545764497569
16 7383 0.0679848032445 0 366.438121151 0.00363146796768 2.76600656823 5.89978272576 -1.589298724 0.175511390151 0.152874666404 0.0593036370175
17 7392 0.0760514743213 0 310.487398977 0.00347961400677 2.76238103477 5.91444774168 -1.6221177224 0.160466497321 0.153667619979 0.0595061425842
18 7401 0.0827058780007 0 318.5741361 0.00306651197507 2.75268883303 5.97628801697 -1.63183470958 0.165888046631 0.15234773405 0.0467172186727
19 7410 0.0843196626878 0 283.834843877 0.00324755132901 2.78325578238 5.85919330734 -1.61648372186 0.16999123921 0.152235716336 0.0456057827812
20 7419 0.0858280634546 0 297.461458271 0.00263361184457 2.77153538578 5.9015648323 -1.62180638274 0.168276703414 0.153746603625 0.0514851129168
21 7428 0.0808484226404 0 292.808980076 0.00310892525228 2.75733721126 5.92373143497 -1.62283212245 0.122754889329 0.154001952209 0.0681190486964
22 7437 0.0685176455401 0 300.678563895 0.00326406114196 2.76589813394 5.85961141451 -1.60876036773 0.168128877051 0.153136827279 0.0508662582992
23 7446 0.0581933655974 0 291.78133412 0.00332182522682 2.77241028101 5.91558230419 -1.61691670462 0.152281090934 0.153038203816 0.0569486248824
24 7455 0.0595620120358 0 289.558337593 0.00282917571414 2.77244032838 5.91326645635 -1.61969549938 0.154700925297 0.154167755559 0.0517516880858
25 7464 0.0604345512339 0 294.236538935 0.00323060959453 2.76547458102 5.94321627514 -1.62731492703 0.124119636468 0.154813975666 0.0651268483769
26 7473 0.0560209048536 0 286.881605855 0.00291850198025 2.76083122766 5.87335716579 -1.62215228395 0.148846814959 0.154900681372 0.0539778075209
27 7482 0.0594860851204 0 277.854656848 0.00349576272767 2.79483795038 5.85556357614 -1.62268065533 0.142338873922 0.155380276869 0.0532913310393
28 7491 0.0569716438142 0 291.841961979 0.00319883848556 2.77989917692 5.94521319556 -1.62341475687 0.126959664881 0.154253725999 0.0590189662336
29 7500 0.0573875444789 0 290.275765586 0.00305940147361 2.79466712897 5.91453223958 -1.61383724611 0.138231770593 0.153732182182 0.0636499459456
30 7509 0.0594465002865 0 294.686128098 0.00278826753336 2.78438048919 5.85549620667 -1.60878758752 0.166409466157 0.153798585148 0.0521421079795
31 7518 0.062654764352 0 280.131006008 0.00306731079166 2.80520566052 5.8393556848 -1.6182800835 0.142372898251 0.155066406106 0.053334908451
32 7527 0.0748744113632 0 279.69809645 0.00336457714023 2.78152783642 5.80084240606 -1.6202701266 0.147499913576 0.153320225092 0.0494109930969
33 7536 0.0892113121589 0 282.089181369 0.00326922584338 2.78461323007 5.80008558549 -1.64019723785 0.0776996553728 0.153522476006 0.074618618113
34 7545 0.0924629450288 0 282.320955636 0.00328038453017 2.78825375745 5.86033620767 -1.63513513178 0.0990962476892 0.152023129172 0.065264034688
35 7554 0.0969642996086 0 259.296970933 0.0039071696981 2.82368297939 5.73993417504 -1.63058152371 0.140122513813 0.153008699655 0.0449163627409
36 7563 0.0991167008725 0 250.492762065 0.00354765094799 2.85866303864 5.71882945573 -1.62622387297 0.145938008255 0.153518294957 0.0483932869676
37 7572 0.112337532958 0 247.834601623 0.00336322924478 2.85899447882 5.64420535479 -1.61823452403 0.120355110882 0.155453983395 0.0680099605474
38 7581 0.113278679402 0 249.839841729 0.00360801658275 2.8707277577 5.68701515661 -1.62089604481 0.142637946207 0.158185763978 0.0490288000869
39 7590 0.116541976689 0 244.071877423 0.00336036985672 2.85106626818 5.56865932595 -1.61558264414 0.149416715936 0.156186099274 0.056478257355
40 7599 0.107723598323 0 243.248761542 0.00330012961763 2.88813744409 5.69178281389 -1.62833794297 0.115992529618 0.156393285849 0.0581105374523
41 7608 0.113504862871 0 226.815866431 0.00338926287995 2.9368179576 5.47662095887 -1.61325724963 0.137952256036 0.160159593426 0.0618075498693
42 7617 0.114486717434 0 218.22010571 0.0023609518447 2.9420777397 5.4742628279 -1.63221679134 0.106512066869 0.160455575483 0.0582986752812
43 7626 0.111636691661 0 200.748918679 0.0037890801129 2.97932721539 5.35660838523 -1.63250119829 0.13925118816 0.161480979842 0.0345517549295
44 7635 0.11117078067 0 191.494240823 0.00349668778687 3.02539339486 5.34094558508 -1.62782704133 0.149110468104 0.16225307037 0.0345918857412
45 7644 0.128746915956 0 195.73567545 0.00305865992912 3.0384015813 5.29848552616 -1.62991457964 0.107247137931 0.160168118266 0.0527810055832
46 7653 0.151748887803 0 185.470564671 0.00322809169344 3.10437413236 5.21577632054 -1.62205102724 0.113345714006 0.162769043747 0.0550288704112
47 7662 0.160579456897 0 188.766372952 0.00277751175478 3.16102466572 5.13589415499 -1.65533007914 0.0675374792764 0.163044872412 0.0607825560813
48 7671 0.159474873889 0 174.822389308 0.00292146805071 3.13256591865 5.08928874631 -1.61692438707 0.115604377282 0.164033506712 0.0633210751493
49 7680 0.151377996658 0 179.004011683 0.00222804809983 3.03839594857 5.1166913783 -1.63489501632 0.128228126453 0.162252821415 0.0490174746942
50 7689 0.166013239034 0 156.147132286 0.00264738079686 3.21612133793 4.96226012061 -1.62118246028 0.109732665814 0.162127231331 0.0570225582044
51 7698 0.182119808699 0 137.656169841 0.00255090475007 3.23440862925 4.76563756464 -1.63020162304 0.104253757592 0.166811518264 0.0518869441712
52 7707 0.19369544034 0 128.561045801 0.00374001370172 3.37543530721 4.47823701625 -1.62626001456 0.126361431382 0.171423555336 0.0495185940669
53 7716 0.188282504944 0 131.688770987 0.00347517307174 3.29351743005 4.56177747165 -1.64223201114 0.108991171499 0.165185231938 0.0475429307379
54 7725 0.190919016372 0 144.726958918 0.00271657093325 3.20275313301 4.57916569045 -1.61323740174 0.163660518524 0.168306714859 0.0254894195171
55 7734 0.203601580813 0 125.731364597 0.00308261591598 3.33957808811 4.38985886045 -1.62450103898 0.108025674679 0.175668803899 0.0468735232022
56 7743 0.186126584168 0 106.499712683 0.00362483921702 3.44908508959 3.99266251756 -1.62672035538 0.0846101457237 0.174466920873 0.0692002370035
57 7752 0.187496931406 0 140.802403123 0.00373505370465 3.32048640374 4.39442967889 -1.65055602809 0.0683338411042 0.16904045659 0.0506518881586
58 7761 0.199845141873 0 85.5082134036 0.00417990732228 3.53851186453 3.85646486675 -1.65194149177 0.0738826920427 0.177110125839 0.0567927577311
59 7770 0.243297963916 0 67.2823459453 0.00445163614514 3.79367484351 3.37766581263 -1.64012060384 0.0833676400026 0.182312451838 0.0673482424868
60 7779 0.268152930003 0 66.9817550365 0.00397927309741 3.84551079205 3.13544953777 -1.65469715036 0.0652663066982 0.187512560151 0.0755904098232
61 7788 0.255735290207 0 88.82979254 0.00550459561437 3.49099953921 3.94984722756 -1.62785275378 0.0876104174875 0.177979029635 0.0896828152985
62 7797 0.225274305746 0 86.7707001781 0.00403910517093 3.48118599225 3.97620393622 -1.63013322347 0.079763658445 0.176983829927 0.0850875527242
63 7806 0.224108553668 0 74.4482035475 0.00547153652523 3.61906342153 3.84664881601 -1.63527022966 0.070413267317 0.178293376976 0.0889903548971
64 7815 0.2120855501 0 70.0484348392 0.00471010694697 3.64972579636 3.68532888971 -1.6451173033 0.0581537138766 0.175050493406 0.091575522576
65 7824 0.181934865422 0 59.8284694107 0.00483288887994 3.7771822107 3.34322093136 -1.63801177249 0.0647461936373 0.182300028828 0.0894694563166
66 7833 0.169093145717 0 73.3207061055 0.00582280551085 3.6408250542 3.75189570112 -1.63217047038 0.0762994900259 0.175293585211 0.0907426045831
67 7842 0.144498295426 0 73.5530785912 0.00511463653335 3.60969002267 3.73216990887 -1.63346276757 0.0757974715421 0.181020926298 0.0952894018629
68 7851 0.131108838344 0 58.8864677509 0.00532126621704 3.76294340786 3.39705083025 -1.64188004901 0.0651091404078 0.17977352629 0.0869870069969
69 7860 0.13482517751 0 51.8944614777 0.00484506849771 3.88812283536 3.09970359699 -1.64475639457 0.0685676501769 0.185023944339 0.064712750148
70 7869 0.145072359985 0 50.252730633 0.00553954910043 3.9530727607 2.99958417148 -1.6446453971 0.0608298705792 0.18618002778 0.0801909041465
71 7878 0.14949746691 0 49.8999005073 0.00489987952862 3.98471992782 3.00752563622 -1.63938035735 0.0675038222813 0.183770967848 0.0735656553569
72 7887 0.148197036544 0 48.0485903643 0.00524244148864 3.97615089429 2.82967501611 -1.63776824626 0.0674475394356 0.187183802101 0.0876132048194
73 7896 0.147185377313 0 45.6049140438 0.00421438651719 4.08807970423 2.61508324913 -1.64055281491 0.0686461402621 0.187001769979 0.0593027494815
74 7905 0.141765456558 0 46.0374043806 0.00515496448283 4.03319315343 2.82604951607 -1.64537563021 0.0585358539737 0.184191355153 0.0933692774254
75 7914 0.139658570337 0 45.7580987088 0.00536611344349 4.08657728583 2.73846625885 -1.64707366349 0.0615365455969 0.18863041943 0.082156679466
76 7923 0.134714603671 0 47.5594643903 0.0054963214244 4.03737541476 2.72904346701 -1.64516204695 0.0614611058545 0.18523268185 0.0979268192076
77 7932 0.125943854856 0 49.8000813598 0.00536337144471 4.14784951553 2.54074535053 -1.64802430484 0.0633531246295 0.188935341104 0.0862221242894
78 7941 0.125907461566 0 45.3802049605 0.00553372443968 4.19220409238 2.5701459433 -1.65304264494 0.0530232565018 0.189385499598 0.0814101201621
79 7950 0.126668740001 0 45.3450615681 0.00636166494237 4.17823413074 2.44242724435 -1.64233189758 0.0557524979088 0.189407892544 0.0936129214682
80 7959 0.124681278925 0 41.4219323559 0.00547892062693 4.25594113856 2.32095919888 -1.6476951379 0.0604390646398 0.193874904079 0.0770706327796
81 7968 0.12809425394 0 40.3146738146 0.00579232191274 4.38439959941 2.11420474723 -1.64958246041 0.0548286737286 0.197364917641 0.074050843283
82 7977 0.128604518452 0 40.3880058537 0.00634712298151 4.33779618819 2.13141932005 -1.64645531361 0.0523831451861 0.194780675222 0.100116256727
83 7986 0.129519956997 0 41.4290183504 0.00565246511388 4.21609878978 2.36703703135 -1.64218449533 0.057281758681 0.189231436924 0.109807645222
84 7995 0.112210607113 0 41.1022456888 0.00550634487378 4.39287456215 2.07828199478 -1.65172513171 0.0537777387369 0.195022878247 0.0841311328232
85 8004 0.0984512329499 0 40.8320602474 0.00605628921912 4.38849221742 2.05567641252 -1.65246296954 0.0496994804334 0.194321093014 0.0951991332043
86 8013 0.0889654633935 0 41.7295917096 0.00582406250387 4.26510856202 2.43926138517 -1.64514266213 0.0574172858239 0.190602408593 0.0967948387828
87 8022 0.0971207702389 0 40.0961908252 0.00625676263425 4.3918851684 2.15887784482 -1.64377397381 0.0563903837093 0.194171741515 0.0910196011443
88 8031 0.0918809347032 0 41.2468558771 0.00583048570327 4.31485098332 2.27271687029 -1.64101962197 0.0585365743485 0.193504459488 0.100144806602
89 8040 0.0852197599105 0 40.7683684107 0.00623684154711 4.38431239619 2.08470065238 -1.64767950988 0.0491391504644 0.194636883358 0.106638280075
90 8049 0.0755703614144 0 39.9913280036 0.00566979380896 4.33291797255 2.19091520637 -1.64766188543 0.0528656655247 0.19319030503 0.0957114017146
1 8194 0.55993152586 0 273.562682896 0.00388784219061 2.76374536684 5.72839914489 -1.62410462652 0.115728293573 0.154695338675 0.0760000279788
2 8338 0.714877513648 0 309.373375651 0.00418354911597 2.54454693959 5.14324988985 -1.61704138426 0.119799799064 0.145554607041 0.107267501222
3 8482 0.827693917934 0 244.425180141 0.00208844010589 2.58193119297 4.78557509001 -1.61024261213 -0.107699879642 0.150285095251 0.206442291813
4 8626 0.920289385648 0 212.92751863 0.000144308077043 2.95749168916 4.81481646303 -1.60062383399 -0.072812689075 0.138678097322 0.242539091721
5 8770 1.03970614525 0 158.814290902 0.00611380613163 2.90416505324 4.52520322994 -1.6267356899 0.0139847744869 0.139707242504 0.161330065362
6 8914 1.25548575739 0 146.63851189 0.00456613974783 3.11528772656 4.52429139752 -1.63765676978 -0.00830267212607 0.128444228543 0.176164444855
7 9058 1.59911213096 0 85.8090913565 0.00830665857097 3.0408196299 2.12835410789 -1.66938904452 -0.00323610726286 0.150919366967 0.185610732308
8 9202 1.86803005299 0 72.6867475823 0.0132236937126 2.67023227687 1.03905002997 -1.67368211724 0.055517430342 0.138703498007 0.155975509161
9 9346 1.93047699166 0 65.3647797447 0.00790350370357 2.32205690589 2.14485502545 -1.64089548909 0.0770425286387 0.161855797685 0.188310936011
10 9490 2.08766054996 0 59.5783238782 0.0138768482307 2.860254139 1.58831067869 -1.65211715892 0.0352161232931 0.114250711561 0.184709771682
11 9634 2.13447260292 0 41.1721463021 0.0142941651507 3.07650570032 1.76322182457 -1.64464059754 0.040521475351 0.119188258041 0.218091167031
12 9778 2.0614193483 0 45.5910954344 0.0182482147324 2.81061611295 1.25017696127 -1.65387475843 0.11176149437 0.118802416794 0.0815832226724
13 9922 2.09389405558 0 44.1328177948 0.0106244606529 2.66810968364 1.73553550682 -1.64308239138 0.00763763965999 0.14137660472 0.29886137525
14 10066 2.26565995314 0 43.2920620987 0.000511564951041 2.40774070809 1.09115896984 -1.64679302219 0.125190961848 0.168390934228 0.20153432606
15 10210 2.21905443539 0 41.6381509272 0.010588516992 2.65480901952 1.30298456548 -1.64319841813 0.0770747012522 0.132227819629 0.232451123681
16 10354 2.27298719743 0 41.7670914593 0.0168227838396 2.76402151504 1.4526163625 -1.64405911281 0.0397466256977 0.103975360777 0.259941281989
17 10498 2.04551678227 0 41.5305595527 0.0143027172762 3.10232311266 1.77772840206 -1.64665847604 0.0177156439032 0.0800151623388 0.247696745243
18 10642 1.95581026481 0 40.6758789094 0.0127755768563 2.86218018749 1.44578288476 -1.64607044732 0.0615468972961 0.106873633975 0.207482493731
