%  columns="iteration, evaluation, sigma, max axis length,  min axis length, all principle axes lengths  (sorted square roots of eigenvalues of C)", seed=215255, Mon Feb 22 01:50:29 2016
0 0 0.5 1.00004285806 1.0 1.0 1.00000714288 1.00001428582 1.0000214288 1.00002857184 1.00003571492 1.00004285806
1 9 0.459645194075 1.00004285806 1.0 1.0 1.00000714288 1.00001428582 1.0000214288 1.00002857184 1.00003571492 1.00004285806
2 18 0.423930105572 1.0681911067 0.921957514257 0.921957514257 0.954430440759 0.97841052764 0.985880429928 0.987978586566 0.99718783168 1.0681911067
3 27 0.476017647545 1.06755341249 0.902968543667 0.902968543667 0.933192770119 0.947646309717 0.968673910254 1.00326255856 1.03226555919 1.06755341249
4 36 0.441356736168 1.26741069261 0.8913669253 0.8913669253 0.90194171312 0.928081184314 0.948859996651 0.997048454249 1.05803543535 1.26741069261
5 45 0.390082901376 1.25960107002 0.877684094537 0.877684094537 0.881815574636 0.903377203993 0.928152062891 1.00214831435 1.05223490271 1.25960107002
6 54 0.354305309374 1.24624403218 0.817599892001 0.817599892001 0.860908198285 0.885962027102 0.944790427842 0.998277469482 1.0226648209 1.24624403218
7 63 0.336991522097 1.23689451615 0.773981023261 0.773981023261 0.839911290719 0.877592270236 0.925380945736 0.995279757887 1.03445958704 1.23689451615
8 72 0.301415881844 1.23933691592 0.73441224554 0.73441224554 0.803028104856 0.853742635366 0.918288377046 0.995930891252 1.06969133079 1.23933691592
9 81 0.273086143315 1.21816636004 0.713443940124 0.713443940124 0.783769305592 0.822444503708 0.893683323804 0.989850795044 1.1114344468 1.21816636004
10 90 0.244179563677 1.20494289885 0.670986846726 0.670986846726 0.771767499103 0.794649175642 0.884101754409 0.987318916171 1.11422632103 1.20494289885
11 99 0.245119805042 1.24638807839 0.645088606799 0.645088606799 0.733013479621 0.776940955843 0.870992764255 0.976260907529 1.11525984852 1.24638807839
12 108 0.22465170346 1.40456980077 0.60925266951 0.60925266951 0.716251204749 0.763616121352 0.849223873305 0.971942427043 1.10782494761 1.40456980077
13 117 0.201002916258 1.4084640347 0.57838440492 0.57838440492 0.708787608985 0.751626716368 0.828972075269 0.943628122746 1.09272005093 1.4084640347
14 126 0.198655588616 1.3991825058 0.559284803583 0.559284803583 0.685739015188 0.720121976297 0.838873672199 0.934659563921 1.07879736026 1.3991825058
15 135 0.19783245368 1.3978646538 0.530595710659 0.530595710659 0.693092232624 0.705828148743 0.857254115662 0.917297573311 1.08041653697 1.3978646538
16 144 0.190199257194 1.45446895956 0.506085933918 0.506085933918 0.680334378519 0.694036309995 0.832755128342 0.900751206308 1.11793050812 1.45446895956
17 153 0.203996068754 1.43215401219 0.481277534207 0.481277534207 0.675425658312 0.694716166886 0.873951869627 0.900306398633 1.10070666917 1.43215401219
18 162 0.232289883997 1.40447668024 0.463976726855 0.463976726855 0.65512402362 0.697709085633 0.885402539313 0.994825373631 1.08096665619 1.40447668024
19 171 0.24327263037 1.37595787422 0.454498195609 0.454498195609 0.635619321129 0.693666682831 0.871494279343 1.04912608809 1.12673694191 1.37595787422
20 180 0.243105033373 1.36553876159 0.436213218768 0.436213218768 0.621029314403 0.690935433673 0.84667036062 1.01259152138 1.1872825614 1.36553876159
21 189 0.245251108964 1.42242072726 0.421377167914 0.421377167914 0.637688174612 0.686679025735 0.83128962108 0.992438753831 1.178474196 1.42242072726
22 198 0.221838125535 1.42503800508 0.404099445177 0.404099445177 0.627161626803 0.667900298576 0.827260543822 1.01470733685 1.19875925032 1.42503800508
23 207 0.218212637849 1.40011570554 0.373822906065 0.373822906065 0.622015830719 0.655196571841 0.845549260636 1.01082718449 1.2025399487 1.40011570554
24 216 0.215243236076 1.47169597791 0.349778343676 0.349778343676 0.635118706382 0.672918351038 0.822578762721 1.00564621993 1.17663247828 1.47169597791
25 225 0.212312942458 1.47701562232 0.327988491125 0.327988491125 0.629008705414 0.661688628976 0.800900501725 1.03318230876 1.18597136446 1.47701562232
26 234 0.208977889608 1.45594787338 0.304404948431 0.304404948431 0.623960948311 0.6500122586 0.781875743672 1.06981576778 1.21946692646 1.45594787338
27 243 0.193276575636 1.47245363157 0.28746940697 0.28746940697 0.61610269407 0.643612853477 0.759717664616 1.05159418495 1.29259829306 1.47245363157
28 252 0.192312525024 1.44763639167 0.277220487151 0.277220487151 0.607543463856 0.622132346602 0.74054732415 1.01369814705 1.29995473421 1.44763639167
29 261 0.201622905759 1.44404094419 0.274856654074 0.274856654074 0.590084243332 0.612405022574 0.727140178442 1.02012485952 1.3008732121 1.44404094419
30 270 0.20421782856 1.61163987746 0.260544680544 0.260544680544 0.585934968331 0.599133141814 0.720356741561 1.0124207026 1.31262036843 1.61163987746
31 279 0.186230804439 1.70535927516 0.247604420663 0.247604420663 0.564873858812 0.586070033884 0.715487327394 0.996951942644 1.28240189468 1.70535927516
32 288 0.177273902186 1.70721195484 0.228291068648 0.228291068648 0.553554472953 0.57683790325 0.707345632214 1.00441089089 1.26769303654 1.70721195484
33 297 0.161085962531 1.69816330574 0.221817363696 0.221817363696 0.541297085401 0.570763582471 0.694424883206 0.983288616232 1.28682502843 1.69816330574
34 306 0.190949136259 1.68771216093 0.216075759965 0.216075759965 0.51809916046 0.561698977 0.705840230353 0.95806797861 1.26065516137 1.68771216093
35 315 0.207463086485 1.97046022197 0.216833887421 0.216833887421 0.512438710291 0.609506324426 0.669709793405 0.958149812837 1.26166406161 1.97046022197
36 324 0.236434722863 2.03760694955 0.202408868796 0.202408868796 0.506278751064 0.611404128057 0.666925214473 0.94281255267 1.27132495846 2.03760694955
37 333 0.230424299311 2.00979122393 0.192037296858 0.192037296858 0.495927862161 0.631941871392 0.729777136652 0.931551989444 1.25154829878 2.00979122393
38 342 0.242217597576 1.98148858935 0.188699831493 0.188699831493 0.480579777583 0.635676670824 0.716761501289 0.970088778654 1.23148686168 1.98148858935
39 351 0.245723304778 2.03030927446 0.181325054491 0.181325054491 0.474490884229 0.628463858388 0.713842892684 0.955924069648 1.30989444957 2.03030927446
40 360 0.231555747356 2.05952164089 0.180972337506 0.180972337506 0.459117615844 0.605760739353 0.743095378017 0.942513674507 1.29648248788 2.05952164089
41 369 0.256760695734 2.06065983677 0.172582381213 0.172582381213 0.432413560941 0.601904297434 0.754734218978 0.916016445398 1.27547708092 2.06065983677
42 378 0.282642534572 2.22909410126 0.169855671213 0.169855671213 0.418368466987 0.595249563068 0.793659574452 0.904216122198 1.22673523834 2.22909410126
43 387 0.323660452866 2.30016009132 0.164247980013 0.164247980013 0.408549939152 0.572774204418 0.788909639208 0.883552542125 1.37610263527 2.30016009132
44 396 0.351785631782 2.57978433632 0.161530533898 0.161530533898 0.401996426043 0.562731334231 0.773174988102 0.877526970954 1.40091287085 2.57978433632
45 405 0.319923541729 2.63704579648 0.161034096991 0.161034096991 0.389977594596 0.549655967217 0.786865303003 0.855853694366 1.43681871078 2.63704579648
46 414 0.328024494327 2.70072024544 0.1525438675 0.1525438675 0.380299410298 0.545052129003 0.774862974492 0.849233936427 1.42842276835 2.70072024544
47 423 0.307558125241 2.65866068124 0.146856967818 0.146856967818 0.374610827605 0.530054633199 0.767059733584 0.851191388262 1.51444433104 2.65866068124
48 432 0.282183243072 2.58310353252 0.144445891815 0.144445891815 0.369079679848 0.53471077625 0.763178099641 0.854773782836 1.51362837465 2.58310353252
49 441 0.285848728289 2.51025358928 0.137667402978 0.137667402978 0.368840644366 0.527602576659 0.762597831286 0.830512850352 1.53390326371 2.51025358928
50 450 0.286638978458 2.6688994188 0.132571892594 0.132571892594 0.370351487588 0.527492192824 0.754291748864 0.810261501172 1.52604494622 2.6688994188
51 459 0.2612506619 2.55983901761 0.129675868675 0.129675868675 0.362866953843 0.535981364251 0.756583706169 0.841863183356 1.50074065429 2.55983901761
52 468 0.269093721567 2.52192045281 0.125623383745 0.125623383745 0.359047289212 0.523599681458 0.731698586096 0.837985558547 1.4489242105 2.52192045281
53 477 0.246458451943 2.42346030982 0.120633600364 0.120633600364 0.346783478425 0.529163379832 0.761014556527 0.891009176978 1.41255214017 2.42346030982
54 486 0.247015659803 2.39996262781 0.117756811803 0.117756811803 0.335989305432 0.530005932958 0.748880437149 0.87673139867 1.3911101688 2.39996262781
55 495 0.218216399347 2.57496372181 0.115042631299 0.115042631299 0.33096065099 0.522165447668 0.72636213747 0.906837773875 1.36564430462 2.57496372181
56 504 0.224354932801 2.55708144965 0.113631390821 0.113631390821 0.318104784529 0.514245432276 0.72647178954 0.884790660093 1.35098726832 2.55708144965
57 513 0.211910053206 2.75108184276 0.108855241758 0.108855241758 0.31354612698 0.507947351042 0.728175666204 0.874361141671 1.32776298454 2.75108184276
58 522 0.213287924684 2.73401342773 0.104686400321 0.104686400321 0.308534291835 0.502740208012 0.715550126316 0.868333458891 1.28058936137 2.73401342773
59 531 0.201468441927 2.92363580937 0.101895070229 0.101895070229 0.297303461355 0.492516915652 0.697576424453 0.901025732589 1.25036400148 2.92363580937
60 540 0.192628747893 2.9185388012 0.0995349489952 0.0995349489952 0.29560574958 0.483839345472 0.669115161997 0.880059037248 1.221474992 2.9185388012
61 549 0.185300452072 2.88010471542 0.0977649414283 0.0977649414283 0.293416818473 0.474127975595 0.669746575623 0.866443938283 1.19199042019 2.88010471542
62 558 0.190169337771 2.93802334997 0.0943346288956 0.0943346288956 0.283814806411 0.471100370939 0.663948458439 0.850812387951 1.16681186794 2.93802334997
63 567 0.17717518986 3.11260607404 0.090768699737 0.090768699737 0.276695939548 0.471936506465 0.657617602359 0.843298053258 1.12271354969 3.11260607404
64 576 0.182676285833 3.09200529144 0.0891852793712 0.0891852793712 0.263068359897 0.4706283908 0.653780864665 0.818952720703 1.16383572374 3.09200529144
65 585 0.205404026559 3.24547904814 0.0894698846371 0.0894698846371 0.260310614433 0.486429736677 0.646975279338 0.804725236147 1.11302677504 3.24547904814
66 594 0.227890693142 3.75503175157 0.0882214194498 0.0882214194498 0.249760410706 0.478082478825 0.635180386383 0.798366112746 1.07445287773 3.75503175157
67 603 0.216231539731 3.95011794401 0.087006581582 0.087006581582 0.252279901365 0.471905554001 0.622632978516 0.770093326613 1.05862860129 3.95011794401
68 612 0.223934022772 3.89659198716 0.0845810258167 0.0845810258167 0.250366496211 0.449124993351 0.620454395148 0.750063177785 1.06907405536 3.89659198716
69 621 0.22404308611 3.83213136434 0.0807027563304 0.0807027563304 0.246803781575 0.424568077453 0.60849236363 0.811150048961 1.09714083857 3.83213136434
70 630 0.213315643653 3.65751486887 0.0768759317654 0.0768759317654 0.251772658246 0.418019049784 0.605061658138 0.832028183986 1.10254892994 3.65751486887
71 639 0.210935158267 3.6010278048 0.0756334716385 0.0756334716385 0.249633541593 0.391974807784 0.609134492687 0.835751893021 1.13017172243 3.6010278048
72 648 0.210355605396 3.51612922898 0.0725852282827 0.0725852282827 0.244830118683 0.389053053955 0.604121057812 0.819124590589 1.18600214129 3.51612922898
73 657 0.256500878475 3.48919999808 0.0730428974121 0.0730428974121 0.242630238684 0.401115455319 0.593112650219 0.823849810967 1.20161199086 3.48919999808
74 666 0.332965158377 3.39814999079 0.0713832744806 0.0713832744806 0.244855871721 0.400644101315 0.603303742684 0.872093380744 1.20702774803 3.39814999079
75 675 0.354086093171 3.29011669977 0.070196316681 0.070196316681 0.23380134636 0.39938755621 0.611216409683 0.902381587769 1.21532240258 3.29011669977
76 684 0.393124515239 3.36315381175 0.0665165897526 0.0665165897526 0.233963509187 0.390704799206 0.605061632739 0.887990866088 1.20724387237 3.36315381175
77 693 0.396731880145 3.31465710686 0.0627027572156 0.0627027572156 0.227740501525 0.38277110464 0.587044180914 0.932577153104 1.21903811199 3.31465710686
78 702 0.410312758255 3.25614260116 0.0618240345371 0.0618240345371 0.226182894116 0.376240681263 0.569930646011 0.962863888956 1.17660514789 3.25614260116
79 711 0.429608480786 3.2463798424 0.0596728097029 0.0596728097029 0.218888357848 0.370633419435 0.560630871846 0.99227661238 1.1604850181 3.2463798424
80 720 0.424200333308 3.48522729927 0.0574129735445 0.0574129735445 0.218907832556 0.364772055771 0.539225186847 0.996149376039 1.18620069598 3.48522729927
81 729 0.419715597026 3.46404655907 0.0568537009342 0.0568537009342 0.216825523399 0.370501743361 0.536669891869 1.08107135525 1.1913848321 3.46404655907
0 730 0.5 1.00004285806 1.0 1.0 1.00000714288 1.00001428582 1.0000214288 1.00002857184 1.00003571492 1.00004285806
1 748 0.475228374268 1.00004285806 1.0 1.0 1.00000714288 1.00001428582 1.0000214288 1.00002857184 1.00003571492 1.00004285806
2 766 0.429781785911 1.10447562923 0.901094670664 0.901094670664 0.924269171804 0.950749581589 0.977331486875 0.988140551716 1.04992816968 1.10447562923
3 784 0.386286750429 1.16023610105 0.809612531029 0.809612531029 0.91058151466 0.9241503831 0.96751208054 1.03424271242 1.10398902553 1.16023610105
4 802 0.32221477314 1.17182603694 0.746369817534 0.746369817534 0.880990097134 0.895682415702 0.947661767957 1.01758805315 1.10527506062 1.17182603694
5 820 0.268172730479 1.17394671445 0.670650183236 0.670650183236 0.855000961831 0.868914994802 0.908659636704 0.991911825665 1.06924366059 1.17394671445
6 838 0.279646821008 1.1441509531 0.634715830943 0.634715830943 0.816907184532 0.861521020242 0.913943564476 0.937161828292 1.05163424672 1.1441509531
7 856 0.278392603744 1.11839612286 0.564994665142 0.564994665142 0.806742461256 0.846727472346 0.905577065714 1.00405963973 1.00868121906 1.11839612286
8 874 0.296211987883 1.13587487364 0.51738972093 0.51738972093 0.769396075917 0.85295272735 0.907681726242 0.96987346761 1.0163035615 1.13587487364
9 892 0.298218743395 1.30087745088 0.474017381982 0.474017381982 0.763214139487 0.846399450267 0.924624436666 0.961571161739 0.997763316888 1.30087745088
10 910 0.279667223548 1.38959655075 0.432848823956 0.432848823956 0.738006442404 0.843375684133 0.868769578394 0.960760929943 1.04201271609 1.38959655075
11 928 0.221427850013 1.36609892529 0.390783611864 0.390783611864 0.786622174673 0.812112402078 0.852023696475 0.927152802064 1.0343305023 1.36609892529
12 946 0.250171861985 1.393301516 0.355884909677 0.355884909677 0.754790013476 0.783713562359 0.845583776108 0.978716944527 1.0464661229 1.393301516
13 964 0.266476443457 1.37807203225 0.307477538932 0.307477538932 0.769865833758 0.806001901561 0.899802194302 1.03691906613 1.07816350299 1.37807203225
14 982 0.248697972273 1.35704152654 0.275945367807 0.275945367807 0.740276924574 0.814094731954 0.902976651229 1.0148077414 1.09807282233 1.35704152654
15 1000 0.269618290236 1.39042696893 0.247263198343 0.247263198343 0.716568159957 0.825736840337 0.876462510438 1.01354771604 1.09275229575 1.39042696893
16 1018 0.288576339687 1.60802948918 0.226313652875 0.226313652875 0.683957460329 0.796258032919 0.85830771417 1.03450375517 1.09102945493 1.60802948918
17 1036 0.263892313434 1.69777683761 0.211284458905 0.211284458905 0.660285608865 0.790274212283 0.835146175743 1.04658310289 1.11971746609 1.69777683761
18 1054 0.276082664142 1.67476835251 0.195045869356 0.195045869356 0.630685819192 0.784511947762 0.81007243949 1.04375419866 1.15569272361 1.67476835251
19 1072 0.27586454804 1.79837196379 0.181993107968 0.181993107968 0.591431610753 0.802749657224 0.809553287964 1.01142589195 1.13530555802 1.79837196379
20 1090 0.267792856499 1.80533290748 0.17112623803 0.17112623803 0.54424170836 0.723086417456 0.799128948448 1.00474276304 1.22700449226 1.80533290748
21 1108 0.285596626587 1.81338506803 0.163592391899 0.163592391899 0.520624228989 0.685471790002 0.810609132011 0.996292306713 1.22468616023 1.81338506803
22 1126 0.361677015547 2.00554516849 0.151683553662 0.151683553662 0.482104443426 0.694619373814 0.794983269168 0.992680386664 1.19529760853 2.00554516849
23 1144 0.439994764475 2.06224519465 0.14331969594 0.14331969594 0.437649974656 0.694052342095 0.831639752432 1.01800001258 1.19756793075 2.06224519465
24 1162 0.471765120877 2.32762118079 0.134861937613 0.134861937613 0.402867177348 0.67226525124 0.821371510345 1.00788252337 1.18038095049 2.32762118079
25 1180 0.478398290921 2.50225931599 0.127224435888 0.127224435888 0.359100698959 0.656880662605 0.809191722501 0.976741732787 1.16671251833 2.50225931599
26 1198 0.37984497985 2.60796685117 0.123370692254 0.123370692254 0.349411637945 0.633532207099 0.780379461954 0.979915419452 1.12127200945 2.60796685117
27 1216 0.321651720479 2.54003882259 0.116063336487 0.116063336487 0.343449212358 0.616756911063 0.765907916875 0.961304504242 1.06397969576 2.54003882259
28 1234 0.298549153518 2.47723683453 0.110463403272 0.110463403272 0.31862148424 0.602945128521 0.73539186902 0.933742721806 1.04158344118 2.47723683453
29 1252 0.269917097855 2.49262692057 0.104100838064 0.104100838064 0.303117907444 0.612466316533 0.716790599056 0.906800433141 1.02738536906 2.49262692057
30 1270 0.26081161161 2.37442822918 0.0949872311424 0.0949872311424 0.288251040768 0.608306676448 0.739262144523 0.922409843705 0.997014589913 2.37442822918
31 1288 0.277669310258 2.37985196121 0.0914052546172 0.0914052546172 0.2868668711 0.595189491575 0.73339168924 0.887513957879 0.957324082315 2.37985196121
32 1306 0.30197598928 2.47712521894 0.0834268016364 0.0834268016364 0.278269156975 0.594540194072 0.740669726615 0.875070996433 0.939650159358 2.47712521894
33 1324 0.296914544165 2.71820663728 0.0813546368449 0.0813546368449 0.257654855181 0.573331774028 0.701039549033 0.846392246282 0.93871605539 2.71820663728
34 1342 0.293063633439 2.83341656745 0.08004129515 0.08004129515 0.245290047402 0.547095330355 0.682121802649 0.824695865813 0.902265249883 2.83341656745
35 1360 0.325312551655 2.91697663698 0.079265202785 0.079265202785 0.220775295876 0.538939543411 0.679551230394 0.825704790506 0.893354347383 2.91697663698
36 1378 0.360060204844 3.12604830195 0.0757093307151 0.0757093307151 0.213203158728 0.51036850239 0.650888055916 0.808218090506 0.881333968072 3.12604830195
37 1396 0.366658095994 3.60236234256 0.0697058457831 0.0697058457831 0.202354779757 0.49343074765 0.640211746647 0.80517706738 0.861503659831 3.60236234256
38 1414 0.357363164333 3.56958078198 0.0664781994566 0.0664781994566 0.197224796897 0.470304401616 0.668439614588 0.778834918171 0.906771735662 3.56958078198
39 1432 0.355427634734 3.47489445542 0.0615425836284 0.0615425836284 0.19970959248 0.451226787189 0.650686218732 0.732486822182 0.989700860014 3.47489445542
40 1450 0.350613607425 3.3752557959 0.0576121754948 0.0576121754948 0.192589746155 0.451019875102 0.644985414472 0.748821712313 1.01904156358 3.3752557959
41 1468 0.300878522577 3.30273644226 0.0518099934463 0.0518099934463 0.181421847895 0.430489875972 0.639532237246 0.738021005161 1.10608096304 3.30273644226
42 1486 0.261089344861 3.10827412641 0.0491078037094 0.0491078037094 0.170338878444 0.421058722627 0.61058552449 0.748639072602 1.08925154248 3.10827412641
43 1504 0.233196407711 2.96095826833 0.047968402425 0.047968402425 0.158782011949 0.430119017943 0.585397911649 0.738051119766 1.11202712477 2.96095826833
0 1505 0.307702351847 1.00004285806 1.0 1.0 1.00000714288 1.00001428582 1.0000214288 1.00002857184 1.00003571492 1.00004285806
1 1517 0.290562650101 1.00004285806 1.0 1.0 1.00000714288 1.00001428582 1.0000214288 1.00002857184 1.00003571492 1.00004285806
2 1529 0.281763714324 1.0811096963 0.905626646253 0.905626646253 0.962465375364 0.979522644468 0.985628166989 1.00133603255 1.0130469581 1.0811096963
3 1541 0.245963320251 1.09788988493 0.885269251281 0.885269251281 0.918465920256 0.949278051621 0.95766147993 1.00950180407 1.04675808047 1.09788988493
4 1553 0.247321740123 1.10556926686 0.835027377023 0.835027377023 0.858528477625 0.934164925628 0.956982171647 0.986278486266 1.04662066897 1.10556926686
5 1565 0.230072765197 1.12537204742 0.801145944423 0.801145944423 0.847682731256 0.91030261892 0.949941712931 0.991574488384 1.06597547336 1.12537204742
6 1577 0.226603141746 1.13121251767 0.754599134865 0.754599134865 0.847985548831 0.9105569228 0.940929381459 0.965210542682 1.03820908284 1.13121251767
7 1589 0.21501417556 1.12353346227 0.707160181297 0.707160181297 0.835568595662 0.888778733589 0.960939340972 0.996309619508 1.0380816625 1.12353346227
8 1601 0.197160373333 1.15577594225 0.680640338043 0.680640338043 0.796596280703 0.931338413875 0.975984833498 0.983301773293 0.99719436045 1.15577594225
9 1613 0.189010550778 1.1494247765 0.648155709105 0.648155709105 0.786594420499 0.866679011561 0.957920514183 0.973340771235 0.990361944456 1.1494247765
10 1625 0.177074545009 1.11889337834 0.629909504189 0.629909504189 0.747889650657 0.844245106859 0.929109789457 0.975971316803 1.06022081405 1.11889337834
11 1637 0.158650205407 1.10186337842 0.598288020084 0.598288020084 0.753624478788 0.828557736199 0.902083542127 0.979246637852 1.02878486379 1.10186337842
12 1649 0.147399251174 1.09926747073 0.564345920682 0.564345920682 0.737486636712 0.803683596501 0.884027537296 0.980541843473 1.01804293517 1.09926747073
13 1661 0.122568255178 1.08844431542 0.534588416487 0.534588416487 0.704038066828 0.767893783252 0.916272330698 0.966845539777 1.03833597321 1.08844431542
14 1673 0.106876624938 1.05494355953 0.502492389415 0.502492389415 0.698360198757 0.748954686607 0.88730985284 0.937371533598 1.03825057013 1.05494355953
15 1685 0.102360127205 1.06303888958 0.464411678525 0.464411678525 0.690033020733 0.714816644477 0.872711079939 0.924857119981 1.04535191876 1.06303888958
16 1697 0.107119761754 1.08643543804 0.422807588934 0.422807588934 0.674081267173 0.720163694299 0.883406004685 0.916492172553 1.04906676407 1.08643543804
17 1709 0.143240093924 1.16305082194 0.398950378257 0.398950378257 0.664866289628 0.718972502502 0.871183756276 0.925955621078 1.02075543384 1.16305082194
18 1721 0.159703109401 1.27825824607 0.389047811287 0.389047811287 0.658704959751 0.738076532099 0.840689669342 0.931713576722 1.00189589201 1.27825824607
19 1733 0.164409827627 1.26187830707 0.374620329128 0.374620329128 0.643836928663 0.712871575444 0.818740744445 0.916556852739 0.974433382715 1.26187830707
20 1745 0.163685482575 1.29303536355 0.348404312471 0.348404312471 0.641384258589 0.708932880886 0.808183389248 0.893421753382 0.978823267988 1.29303536355
21 1757 0.172420605154 1.28459081896 0.330422016112 0.330422016112 0.634746098864 0.688829662849 0.796811354098 0.892616362859 0.993031330146 1.28459081896
22 1769 0.183647959023 1.41780930084 0.302466914889 0.302466914889 0.634120254043 0.691705145558 0.798866158315 0.885044635404 0.978781509477 1.41780930084
23 1781 0.188742767873 1.61698651159 0.277883219698 0.277883219698 0.606145872031 0.687596644236 0.786166645285 0.904151747397 0.972054099448 1.61698651159
24 1793 0.198031438125 1.69183102715 0.261906486337 0.261906486337 0.578127988126 0.660717613631 0.793918459943 0.878475260397 0.969375634932 1.69183102715
25 1805 0.24912315988 1.67353623704 0.258032693955 0.258032693955 0.560847071707 0.661713649144 0.83296657925 0.866843913186 0.952544634655 1.67353623704
26 1817 0.277577071827 1.74548810883 0.250039365051 0.250039365051 0.545833851666 0.635231503541 0.835404842398 0.876099587107 0.970890201573 1.74548810883
27 1829 0.292605089281 1.7720506504 0.230441023973 0.230441023973 0.539228979037 0.608666011674 0.816342115859 0.862538321301 0.968850447636 1.7720506504
28 1841 0.286754105866 1.85005428416 0.22760175502 0.22760175502 0.510924110995 0.591578868478 0.802494926799 0.847858529782 0.964441078501 1.85005428416
29 1853 0.269667449942 1.84742657284 0.216580829432 0.216580829432 0.493084869061 0.572128504865 0.789227501314 0.833025724677 0.935435614298 1.84742657284
30 1865 0.245458117728 1.75299577203 0.214218023347 0.214218023347 0.478232291609 0.562939188404 0.77438659053 0.845104006777 0.937282742518 1.75299577203
31 1877 0.236146130499 1.71756629053 0.202712381591 0.202712381591 0.45313347008 0.567852290896 0.758828270169 0.831727268578 0.908944992699 1.71756629053
32 1889 0.256854337187 1.68482914794 0.19073480489 0.19073480489 0.491132973058 0.565683126937 0.768036074116 0.795493553752 0.916178314526 1.68482914794
33 1901 0.26805739717 1.70574608737 0.188487852707 0.188487852707 0.464542529531 0.586982341398 0.752617966306 0.792513083851 0.94485046602 1.70574608737
0 1902 0.5 1.00004285806 1.0 1.0 1.00000714288 1.00001428582 1.0000214288 1.00002857184 1.00003571492 1.00004285806
1 1938 0.417653551875 1.00004285806 1.0 1.0 1.00000714288 1.00001428582 1.0000214288 1.00002857184 1.00003571492 1.00004285806
2 1974 0.364946506755 1.05873069488 0.812256781795 0.812256781795 0.880551549094 0.928244101891 0.967164790103 1.00025329318 1.03974161802 1.05873069488
3 2010 0.34171526469 1.04901994987 0.717831928803 0.717831928803 0.828113910805 0.878926370389 0.906638611678 0.969033814921 0.987956070478 1.04901994987
4 2046 0.410441536607 1.03840123731 0.626668456423 0.626668456423 0.7675276894 0.838552389807 0.89628360147 0.907993924746 1.00750650969 1.03840123731
5 2082 0.451000389672 1.11334100926 0.550151522199 0.550151522199 0.744173135872 0.845444480794 0.893277682679 0.93611207567 0.983223443064 1.11334100926
6 2118 0.452711306839 1.11178180812 0.495059996249 0.495059996249 0.699636504331 0.813012616735 0.855932273988 0.905179905879 0.983871452257 1.11178180812
7 2154 0.486108416725 1.18168629751 0.420855901293 0.420855901293 0.635929168226 0.751089651174 0.829238544806 0.913042961207 1.00119108021 1.18168629751
8 2190 0.49189262416 1.20276002843 0.341591487922 0.341591487922 0.604187765343 0.709546311519 0.814468729686 0.894714506791 1.1486075283 1.20276002843
9 2226 0.517383259662 1.2766625511 0.282991677935 0.282991677935 0.562868289589 0.692260347493 0.809124386201 0.924155672364 1.08954800641 1.2766625511
10 2262 0.465840930659 1.43303103021 0.249078014442 0.249078014442 0.505917257571 0.661777159667 0.848430914719 0.948332539011 1.03555649428 1.43303103021
11 2298 0.412213188845 1.37802771202 0.21066125797 0.21066125797 0.497877576649 0.606685359915 0.826720258184 0.93953506855 1.00096425445 1.37802771202
12 2334 0.376346640434 1.32433743948 0.183116325768 0.183116325768 0.453072553458 0.576658817882 0.796424330632 0.918068460455 1.01826095413 1.32433743948
13 2370 0.317775583235 1.43781591702 0.151894970345 0.151894970345 0.425500738623 0.567023348063 0.750662073011 0.916176021352 0.980509631032 1.43781591702
14 2406 0.334069013859 1.43024528492 0.128176476401 0.128176476401 0.372019379014 0.539085322313 0.706057828707 0.868636168496 0.950443219272 1.43024528492
15 2442 0.407336560321 1.53404856989 0.105065933059 0.105065933059 0.356029431229 0.536447072245 0.693221636856 0.843874246603 0.924280042781 1.53404856989
16 2478 0.464094315118 1.71075352252 0.093503206368 0.093503206368 0.337068295409 0.535509404801 0.769135796995 0.847815966215 0.861623420408 1.71075352252
17 2514 0.527270093438 1.92900116149 0.0757865001426 0.0757865001426 0.321956455208 0.532060433923 0.719576663451 0.814671217607 0.870353546446 1.92900116149
18 2550 0.491360812705 1.92964693894 0.0685653801054 0.0685653801054 0.294429001203 0.539207258354 0.699921384677 0.800573973953 0.883937494379 1.92964693894
19 2586 0.621976960375 1.90170220175 0.0563919864004 0.0563919864004 0.275839719235 0.52948864767 0.671321407439 0.782097914603 0.915921866201 1.90170220175
20 2622 0.65462714126 1.79851229745 0.0520638049355 0.0520638049355 0.255336794559 0.566828535428 0.703976538226 0.832782111559 0.957645358123 1.79851229745
21 2658 0.826205097003 1.66261945414 0.0463207960531 0.0463207960531 0.223447825899 0.542422237826 0.680310590178 0.80750836887 0.985709871757 1.66261945414
22 2694 1.06950565985 1.76018660762 0.0444252866378 0.0444252866378 0.201605891871 0.505355679091 0.686930294323 0.821062999777 0.985267078758 1.76018660762
23 2730 1.19170925771 1.80351846714 0.0401758316169 0.0401758316169 0.193574341555 0.489141245159 0.662450883072 0.866172707025 0.974946102952 1.80351846714
24 2766 1.13411397095 1.62065905115 0.0379559417429 0.0379559417429 0.182524040443 0.459114150638 0.767532015923 0.813912656837 0.955324764224 1.62065905115
25 2802 1.10093078336 1.52399031 0.0355840079596 0.0355840079596 0.165691483799 0.442131639085 0.760549860886 0.793515582008 0.94167056837 1.52399031
26 2838 1.09985453849 1.48532135635 0.0357932332153 0.0357932332153 0.151346433577 0.422896195238 0.763143929211 0.795832874797 0.913638528521 1.48532135635
27 2874 1.09935241937 1.39710235373 0.0325455515799 0.0325455515799 0.1408057581 0.41130245949 0.742811621736 0.894257124882 0.934199539223 1.39710235373
28 2910 1.06208459059 1.46411710392 0.0314414486495 0.0314414486495 0.122299757155 0.393820289093 0.708589554418 0.909236178196 0.931708235866 1.46411710392
29 2946 0.875815285467 1.39602308069 0.030359711839 0.030359711839 0.122092816653 0.364065781596 0.650474009977 0.851345220331 0.975695521597 1.39602308069
30 2982 0.798301304195 1.29504258472 0.0281735570706 0.0281735570706 0.111463762758 0.345599856078 0.676104174428 0.83093210451 0.909313295138 1.29504258472
31 3018 0.693430091417 1.20978308607 0.0251823439642 0.0251823439642 0.0995788712364 0.322225257199 0.710536075614 0.866710388913 0.88917327223 1.20978308607
32 3054 0.686893877602 1.1763025926 0.0229486680916 0.0229486680916 0.0901642073314 0.328301139876 0.688925317167 0.83630082225 0.862804315378 1.1763025926
33 3090 0.610922045057 1.09153059303 0.0216935913988 0.0216935913988 0.0852960667543 0.323416722985 0.720678458294 0.81283695278 0.859302590305 1.09153059303
34 3126 0.592013157558 1.07969221608 0.0199115579887 0.0199115579887 0.0765114997454 0.313714531521 0.657970370262 0.849340319468 0.879275442685 1.07969221608
35 3162 0.577220644466 1.09493804961 0.0177020315019 0.0177020315019 0.0698519168205 0.307719327386 0.706468114791 0.817326594172 0.836849862233 1.09493804961
36 3198 0.503821219716 1.19114382191 0.0157036538609 0.0157036538609 0.0662397380888 0.288838328085 0.67041375549 0.775375367093 0.823574474994 1.19114382191
0 3199 0.0399631569659 1.00004285806 1.0 1.0 1.00000714288 1.00001428582 1.0000214288 1.00002857184 1.00003571492 1.00004285806
1 3226 0.0503682486276 1.00004285806 1.0 1.0 1.00000714288 1.00001428582 1.0000214288 1.00002857184 1.00003571492 1.00004285806
2 3253 0.0721671622851 1.30835249442 0.866974682694 0.866974682694 0.945085806873 0.984685774536 1.0212003926 1.03312319719 1.04665608876 1.30835249442
3 3280 0.0987091230792 1.2502862788 0.823548379546 0.823548379546 0.907802860922 0.950058981058 0.988834467033 1.02255481639 1.1735800867 1.2502862788
4 3307 0.132835436134 1.28210134549 0.822230845572 0.822230845572 0.881863739455 0.9169924942 0.944184403781 1.04806282536 1.17405452603 1.28210134549
5 3334 0.1477725518 1.4118256932 0.765652943223 0.765652943223 0.840779620124 0.921760144763 0.92495744336 1.01450078209 1.09452270839 1.4118256932
6 3361 0.168899253003 1.36611450047 0.707356528726 0.707356528726 0.863318499822 0.88035224423 0.915397110336 1.05310556538 1.10197368291 1.36611450047
7 3388 0.159505899506 1.40078864191 0.603500188499 0.603500188499 0.85570204584 0.894765682476 0.9240679018 1.00656030321 1.16677862196 1.40078864191
8 3415 0.201436395858 1.36295275298 0.588698998844 0.588698998844 0.835814812433 0.879518962005 0.91766488241 0.987876237164 1.10477419864 1.36295275298
9 3442 0.199597522819 1.38890421789 0.545405568665 0.545405568665 0.822076904266 0.857444872278 0.875497296658 0.937877862895 1.22709063382 1.38890421789
10 3469 0.211882514141 1.3650648724 0.492894314185 0.492894314185 0.77219701521 0.854611944364 0.877964322576 0.889699358424 1.24961640095 1.3650648724
11 3496 0.250870784716 1.44301562781 0.422828607697 0.422828607697 0.719559195882 0.84251748044 0.859279671673 0.975598014513 1.21211981883 1.44301562781
12 3523 0.295947176883 1.55630011226 0.397283998046 0.397283998046 0.70658229421 0.805686324263 0.879241414205 0.949309026049 1.39100822846 1.55630011226
13 3550 0.313601281855 1.60093767195 0.370192467357 0.370192467357 0.6845556763 0.787730979231 0.847986350067 1.13495712957 1.27267720028 1.60093767195
14 3577 0.329738706287 1.61154450506 0.336996264991 0.336996264991 0.639089245288 0.789592273861 0.86127083017 1.11020738278 1.23797563191 1.61154450506
15 3604 0.387199378747 1.65971396155 0.296529991308 0.296529991308 0.59760084879 0.799719390008 0.859853237793 1.10735670759 1.23392484108 1.65971396155
16 3631 0.39507107742 1.61831181216 0.252428129115 0.252428129115 0.573096115474 0.807817447031 0.949908437864 1.12259831649 1.25304922279 1.61831181216
17 3658 0.431956445612 1.64311082814 0.223696387505 0.223696387505 0.539618084889 0.767840024651 0.966635207993 1.11985106851 1.21346259926 1.64311082814
18 3685 0.374910412715 1.70993886859 0.203182151028 0.203182151028 0.500393211128 0.838660650063 0.951662027889 1.16854208988 1.19197030174 1.70993886859
19 3712 0.360486604769 1.58277681626 0.185333190247 0.185333190247 0.487387660636 0.812416374564 0.944228877608 1.10550154733 1.26852543674 1.58277681626
20 3739 0.339479605813 1.63540795818 0.164178581434 0.164178581434 0.427007385182 0.810713354758 0.908936100508 1.10645906058 1.25757098417 1.63540795818
21 3766 0.372487829361 1.56711445317 0.15646942199 0.15646942199 0.392810104287 0.832247080241 0.887838548563 1.10603198695 1.22081223876 1.56711445317
22 3793 0.419933495722 1.78142326103 0.140837269304 0.140837269304 0.362187810192 0.832086380696 0.894992448444 1.08332780073 1.18408377599 1.78142326103
23 3820 0.504991956525 1.95618016256 0.127917921427 0.127917921427 0.338703153301 0.815235206276 0.935926797771 1.048577636 1.12262281877 1.95618016256
24 3847 0.496191774816 2.18275864687 0.120472571349 0.120472571349 0.323231695718 0.753246090925 0.962894920955 1.02681432668 1.08857344709 2.18275864687
25 3874 0.522937557106 2.14258769259 0.104108428155 0.104108428155 0.310706138725 0.703949013828 0.980076883101 1.14060691516 1.16226457353 2.14258769259
26 3901 0.545638346016 2.1329183321 0.0927534025684 0.0927534025684 0.29551291781 0.693760275708 1.07101954294 1.11173706454 1.18951671242 2.1329183321
27 3928 0.571786558698 2.21771797792 0.0878049171651 0.0878049171651 0.278618586774 0.636199030726 1.02936586616 1.10565600839 1.27195059014 2.21771797792
28 3955 0.547549109229 2.36435762906 0.0832758400235 0.0832758400235 0.26597636793 0.596519347435 0.99390465525 1.06475819074 1.27748989727 2.36435762906
29 3982 0.62585885655 2.39478944304 0.0737088579986 0.0737088579986 0.259547882738 0.583694406607 0.962020417532 1.05057702068 1.22432065568 2.39478944304
30 4009 0.593039173458 2.60874214612 0.0691809599784 0.0691809599784 0.240559773698 0.550753542652 0.928187880753 1.02113768979 1.28245896151 2.60874214612
31 4036 0.471441301108 2.62431988004 0.0650772533103 0.0650772533103 0.220421873808 0.523426130389 0.931760883582 1.00278133913 1.23875888972 2.62431988004
32 4063 0.484509818518 2.44919790908 0.0590143555593 0.0590143555593 0.20745606196 0.476715669279 0.912404668764 0.947782784435 1.22217103674 2.44919790908
33 4090 0.56769094026 2.29388475793 0.054875985165 0.054875985165 0.192806799226 0.472331129591 0.878643379112 1.03654898198 1.18175915613 2.29388475793
34 4117 0.539377257302 2.50798114873 0.0514242903885 0.0514242903885 0.177368523515 0.461558103297 0.896267140976 1.02151464682 1.13315654103 2.50798114873
35 4144 0.626696587564 2.3962476776 0.0483187379119 0.0483187379119 0.164379625059 0.452120766984 0.854904816544 1.0730202665 1.1496644403 2.3962476776
36 4171 0.592188167025 2.3523336166 0.0433320440723 0.0433320440723 0.153602309253 0.43994089251 0.819602255104 1.1224649856 1.17596114105 2.3523336166
37 4198 0.603956516058 2.24163732091 0.0405897273517 0.0405897273517 0.138012864293 0.427118363582 0.794757976727 1.09839997551 1.19293362525 2.24163732091
38 4225 0.556244762395 2.10098565764 0.0384348592818 0.0384348592818 0.125153181017 0.439730098011 0.779543526362 1.10257258696 1.24223704304 2.10098565764
39 4252 0.562833266875 1.98653359521 0.0365139962485 0.0365139962485 0.1213992694 0.402591902122 0.7382531113 1.10546685964 1.26052938999 1.98653359521
0 4253 0.5 1.00004285806 1.0 1.0 1.00000714288 1.00001428582 1.0000214288 1.00002857184 1.00003571492 1.00004285806
1 4325 0.542826750103 1.00004285806 1.0 1.0 1.00000714288 1.00001428582 1.0000214288 1.00002857184 1.00003571492 1.00004285806
2 4397 0.530776547511 1.18355642623 0.702355291829 0.702355291829 0.835767765412 0.943591023683 1.00231443975 1.08652747245 1.14789609346 1.18355642623
3 4469 0.489901105404 1.28837166674 0.511856277014 0.511856277014 0.743531684951 0.858488813442 0.965034313507 0.986593392353 1.26968509488 1.28837166674
4 4541 0.478740415985 1.35732308847 0.353902443059 0.353902443059 0.62541211822 0.841117750437 0.939334969749 0.97909176249 1.27274157823 1.35732308847
5 4613 0.444481086756 1.29383264317 0.278035521176 0.278035521176 0.584271501742 0.788546449116 0.958303650958 1.01229200441 1.1970522137 1.29383264317
6 4685 0.421548342413 1.38108254783 0.202748413767 0.202748413767 0.52124760896 0.74429890156 0.904400367921 1.1224831653 1.20614407178 1.38108254783
7 4757 0.437325183916 1.46866211825 0.145731147473 0.145731147473 0.458170709464 0.702966143436 0.839645886224 1.14706308866 1.20710062063 1.46866211825
8 4829 0.493662054187 1.55581302489 0.112801474387 0.112801474387 0.379771873691 0.633373864758 0.816048442348 1.1123974009 1.17397762949 1.55581302489
9 4901 0.552711871061 1.6600509004 0.0908745708267 0.0908745708267 0.336341536097 0.598996795723 0.773704241438 1.08044353496 1.29267295425 1.6600509004
10 4973 0.571877892554 1.77793275936 0.0737976330572 0.0737976330572 0.269771536013 0.567975626852 0.811577543314 1.06288522482 1.37113175763 1.77793275936
11 5045 0.716568874099 1.92866061372 0.0601540397369 0.0601540397369 0.217595380487 0.55061208309 0.757685629492 1.04763333987 1.31221862248 1.92866061372
12 5117 0.808710589147 1.86287164983 0.0527280184048 0.0527280184048 0.181501238288 0.514533602301 0.709357624663 0.98354440534 1.31632730875 1.86287164983
13 5189 1.02283811151 1.84402264049 0.0448873156218 0.0448873156218 0.162018388412 0.455777000403 0.728343182163 0.940345838981 1.3140050411 1.84402264049
14 5261 1.22354203251 2.08507955964 0.0430225519973 0.0430225519973 0.136582172018 0.377596691789 0.710861898363 0.86832269811 1.32782810543 2.08507955964
15 5333 1.42147687663 1.97724249068 0.0399511807931 0.0399511807931 0.109517197124 0.379789290017 0.736572461876 0.898249702457 1.21520903622 1.97724249068
16 5405 1.5013185007 1.74913463779 0.0355590096833 0.0355590096833 0.0974045838528 0.349734490799 0.77263101968 0.800596258207 1.29513411503 1.74913463779
17 5477 1.65204897914 1.78082341566 0.0333835397492 0.0333835397492 0.0800116268496 0.315030406977 0.689946117096 0.873180543906 1.21094486571 1.78082341566
18 5549 1.9298475094 1.89000337311 0.0292894253181 0.0292894253181 0.0707752161908 0.253350292698 0.713458406844 0.852726960799 1.14479457361 1.89000337311
19 5621 2.03968026157 1.78904242838 0.0255374501004 0.0255374501004 0.0604975786753 0.214302290084 0.714606313663 1.022364167 1.11475917852 1.78904242838
20 5693 1.74999997942 1.72491729043 0.0243089576877 0.0243089576877 0.0578623631251 0.185838626603 0.701644385996 0.976065236144 1.14427172779 1.72491729043
21 5765 1.58778853894 1.62242335899 0.0213377472314 0.0213377472314 0.0523670309476 0.158675320224 0.657196263109 1.03843048178 1.13867506204 1.62242335899
22 5837 1.66062197385 1.49500515717 0.017656081296 0.017656081296 0.0432238235072 0.134322155918 0.595637650787 0.906918030576 1.12620096984 1.49500515717
23 5909 1.43985090457 1.48232792151 0.0143703653914 0.0143703653914 0.0356800290305 0.128624703839 0.623296453149 0.958011241507 1.21749551457 1.48232792151
24 5981 1.43674251382 1.41224808124 0.0110837068859 0.0110837068859 0.0300695877949 0.117413579077 0.587447450174 0.895091831668 1.11510441284 1.41224808124
25 6053 1.52376628752 1.31612128441 0.0087111821875 0.0087111821875 0.025617948786 0.123336162738 0.559219639351 0.811731645999 1.11269626368 1.31612128441
26 6125 1.50557111979 1.34915484444 0.00751515364048 0.00751515364048 0.0221976776987 0.128996477642 0.518782414776 0.748747682197 1.1210677316 1.34915484444
27 6197 1.42374422155 1.37324063473 0.00661011068912 0.00661011068912 0.0188255208488 0.133209021728 0.463912724157 0.663052074789 1.05368982007 1.37324063473
0 6198 0.259171493194 1.00004285806 1.0 1.0 1.00000714288 1.00001428582 1.0000214288 1.00002857184 1.00003571492 1.00004285806
1 6218 0.23499640418 1.00004285806 1.0 1.0 1.00000714288 1.00001428582 1.0000214288 1.00002857184 1.00003571492 1.00004285806
2 6238 0.255975669156 1.02895495242 0.881070122383 0.881070122383 0.937098899441 0.966884834002 0.971657424189 0.996858550852 1.0080394846 1.02895495242
3 6258 0.251114656569 1.16991265977 0.7938749193 0.7938749193 0.916497653524 0.925729691756 0.964991666025 0.97823972961 0.984583365533 1.16991265977
4 6278 0.303612673774 1.15868535899 0.746364717388 0.746364717388 0.866732466649 0.893551247658 0.951322543408 0.962466401286 1.0428201745 1.15868535899
5 6298 0.325085202418 1.31820339155 0.695102452619 0.695102452619 0.842196243927 0.865064531132 0.917403196957 0.925426398965 1.12908562372 1.31820339155
6 6318 0.378000400609 1.42233389706 0.637879203973 0.637879203973 0.773218605188 0.858332801204 0.877761697925 0.919256015508 1.11472199257 1.42233389706
7 6338 0.397273823117 1.50382071099 0.572668079961 0.572668079961 0.734518637095 0.838952464214 0.883979164165 0.935846209474 1.14757850285 1.50382071099
8 6358 0.388980925036 1.60238290274 0.541046795699 0.541046795699 0.682314273262 0.829246229488 0.869012431695 0.924967280893 1.10750437373 1.60238290274
9 6378 0.393104326851 1.66262725243 0.476040774082 0.476040774082 0.651830244331 0.814564512919 0.842103121862 0.911923596917 1.10690318615 1.66262725243
10 6398 0.363866202045 1.67840455394 0.414881416536 0.414881416536 0.624129612844 0.795028736861 0.843139048284 0.891958626111 1.11644363023 1.67840455394
11 6418 0.347728997174 1.63668279231 0.37136899696 0.37136899696 0.592982526206 0.763202737782 0.877198067412 0.882450740303 1.18795604553 1.63668279231
12 6438 0.355309794094 1.65526975949 0.344953930527 0.344953930527 0.583009174125 0.768773827047 0.855843077095 0.919773696282 1.16128163963 1.65526975949
13 6458 0.36264170047 1.61493868438 0.313949669282 0.313949669282 0.571876681314 0.781767575249 0.869194396965 1.00637642708 1.13826389473 1.61493868438
14 6478 0.419631681104 1.65722063351 0.281807499955 0.281807499955 0.549820761808 0.751530839821 0.843081584247 1.04927879317 1.11426971826 1.65722063351
15 6498 0.431534192581 1.75023344496 0.255297332402 0.255297332402 0.516382661045 0.738174958598 0.878497329738 1.06388385555 1.09570770587 1.75023344496
16 6518 0.414494170605 1.76886922471 0.230764411142 0.230764411142 0.503514398256 0.708538517348 0.864597181329 1.0242649116 1.14546667209 1.76886922471
17 6538 0.429674060002 1.72045329667 0.21126086426 0.21126086426 0.486838688382 0.727193562724 0.843304741799 1.00302293928 1.11605985244 1.72045329667
18 6558 0.458494106531 1.71870203527 0.196414166641 0.196414166641 0.465603330453 0.70330965047 0.799929853096 0.988380172453 1.22526503242 1.71870203527
19 6578 0.491903648229 1.64993075181 0.177558578522 0.177558578522 0.446050343695 0.664213604391 0.793207055115 0.976029126506 1.35616671768 1.64993075181
20 6598 0.495511978991 1.67167376081 0.16774034353 0.16774034353 0.422110773459 0.658243096834 0.773452810239 0.947150405486 1.40950208344 1.67167376081
21 6618 0.457963741668 1.74054738852 0.151286932582 0.151286932582 0.402986577369 0.67695959916 0.724792743227 0.911054355653 1.38488219151 1.74054738852
22 6638 0.425168997432 1.77419192017 0.136949301119 0.136949301119 0.381810280666 0.659143476074 0.737427252507 0.861193792606 1.43940708562 1.77419192017
23 6658 0.44830942753 1.78370686619 0.123697778393 0.123697778393 0.357876623583 0.675946265229 0.74295492504 0.85741347922 1.42184794108 1.78370686619
24 6678 0.482771809763 1.79160744168 0.112256376788 0.112256376788 0.336462951936 0.68058915799 0.787424268074 0.907025212247 1.39734079558 1.79160744168
25 6698 0.498900494868 1.79005154849 0.104579978022 0.104579978022 0.310697224699 0.688438906479 0.799610762553 1.03270350256 1.34349737953 1.79005154849
26 6718 0.46519880057 1.78052204076 0.0985982485186 0.0985982485186 0.291610417905 0.653551969877 0.811214140914 1.08952010013 1.32376454734 1.78052204076
27 6738 0.500450130947 1.76080114513 0.0915619190151 0.0915619190151 0.277763627087 0.616256046483 0.778641885367 1.09344536577 1.27736094536 1.76080114513
28 6758 0.641947383951 1.70669411982 0.0837503903338 0.0837503903338 0.278374659177 0.610914333726 0.764692352409 1.14280739903 1.30665838416 1.70669411982
29 6778 0.694207669004 1.85008483635 0.0800980848434 0.0800980848434 0.250607017416 0.615156413868 0.739057852582 1.20887936986 1.30948774602 1.85008483635
30 6798 0.777154135658 1.85106993091 0.075919186162 0.075919186162 0.242415691451 0.593801292901 0.726996348171 1.15904273474 1.32123903077 1.85106993091
31 6818 0.824803596624 1.76696661442 0.0718211666882 0.0718211666882 0.237498421952 0.573963620833 0.767169733337 1.16296863666 1.33118920285 1.76696661442
32 6838 0.746974283344 1.77895543926 0.0688276336307 0.0688276336307 0.231214546274 0.540267116057 0.768843182048 1.14869694286 1.29904240741 1.77895543926
33 6858 0.684294417572 1.74985156731 0.0678822910485 0.0678822910485 0.22476163867 0.499160338445 0.760258699828 1.10167495454 1.26598107881 1.74985156731
34 6878 0.826639946248 1.86207762486 0.0642398338595 0.0642398338595 0.213011081734 0.472114337624 0.714693924698 1.08689468132 1.26717444018 1.86207762486
35 6898 0.789277881683 1.90117351715 0.0588041645981 0.0588041645981 0.197805628643 0.451137091355 0.695776739774 1.13484589525 1.60696232215 1.90117351715
36 6918 0.687789124216 1.95905621672 0.0580251635121 0.0580251635121 0.187569653305 0.420376415204 0.676904660037 1.11801643172 1.51843547179 1.95905621672
37 6938 0.630510020763 1.87623096223 0.0536324557568 0.0536324557568 0.183215467435 0.393848010625 0.653815537171 1.14773038728 1.48860755125 1.87623096223
38 6958 0.550393276406 1.86026518516 0.0527932238385 0.0527932238385 0.17475757899 0.37064501654 0.630219633037 1.11177236082 1.51538010872 1.86026518516
39 6978 0.473599597696 1.82538089852 0.054116990498 0.054116990498 0.164161778473 0.356893525048 0.628367364868 1.07384948187 1.42993453292 1.82538089852
40 6998 0.449469866024 1.83879686484 0.0516466262223 0.0516466262223 0.149907955697 0.352628214489 0.603594557417 1.03292350944 1.4317784909 1.83879686484
41 7018 0.454955817903 1.77635960225 0.0485777577957 0.0485777577957 0.146235596696 0.340870284714 0.595939074596 1.04247258761 1.40619414149 1.77635960225
42 7038 0.493523378678 1.66509312568 0.0458297281407 0.0458297281407 0.143741561748 0.321944101508 0.585460232799 1.09610534664 1.37681153742 1.66509312568
43 7058 0.459962970302 1.63114874275 0.0454189522457 0.0454189522457 0.137773982765 0.292144595182 0.583147512256 1.10805341313 1.44254057837 1.63114874275
44 7078 0.502529577122 1.65521815605 0.0436536776388 0.0436536776388 0.134023253134 0.261888732878 0.574390925296 1.105536948 1.45840718314 1.65521815605
45 7098 0.519376171726 1.79087127232 0.0436394731964 0.0436394731964 0.126822312352 0.266748541325 0.565713010688 1.09393627371 1.41073094375 1.79087127232
46 7118 0.533025903667 1.72180517631 0.0412071546046 0.0412071546046 0.117691943631 0.258559691374 0.558859958135 1.18382041294 1.41343752655 1.72180517631
47 7138 0.56162431363 1.82855766397 0.0399707856602 0.0399707856602 0.112218391236 0.233163647367 0.5530223655 1.17280935879 1.39557374655 1.82855766397
48 7158 0.551151039775 1.95175636912 0.0388409346252 0.0388409346252 0.105841469313 0.222067169632 0.523529228191 1.21821715771 1.39197317481 1.95175636912
49 7178 0.491270523106 1.99925784753 0.0359338612375 0.0359338612375 0.0988927150185 0.212467783861 0.516452570367 1.16772378862 1.45455075886 1.99925784753
50 7198 0.486064728244 2.008239747 0.0342008629898 0.0342008629898 0.0959907069515 0.203139519178 0.509444272445 1.10698628993 1.34347872635 2.008239747
51 7218 0.429761056766 1.93258805902 0.0330528882918 0.0330528882918 0.0930302143363 0.209668341841 0.511467263083 1.03354295175 1.35075381398 1.93258805902
52 7238 0.4229669186 1.89827209804 0.0300702668218 0.0300702668218 0.0876592240324 0.206464356317 0.499807474308 1.01078978969 1.38548172226 1.89827209804
0 7239 0.00612063143419 1.00004285806 1.0 1.0 1.00000714288 1.00001428582 1.0000214288 1.00002857184 1.00003571492 1.00004285806
1 7248 0.00605469506646 1.00004285806 1.0 1.0 1.00000714288 1.00001428582 1.0000214288 1.00002857184 1.00003571492 1.00004285806
2 7257 0.00715886138551 1.12886651274 0.932950986064 0.932950986064 0.960390744036 0.967255334873 0.985355969766 1.00320027797 1.01092717459 1.12886651274
3 7266 0.00935475708037 1.19306093066 0.917823390092 0.917823390092 0.928885109386 0.94929944849 0.977360914646 0.991247716641 1.06850451953 1.19306093066
4 7275 0.0128069172635 1.24604232345 0.911750541612 0.911750541612 0.926344671157 0.959920213173 0.983681167516 1.0112959563 1.06555845876 1.24604232345
5 7284 0.0181529950748 1.30141662081 0.902013649979 0.902013649979 0.932119088274 0.958546396837 0.96616501811 1.00056706476 1.05663132576 1.30141662081
6 7293 0.0245976987655 1.34615396591 0.880869605108 0.880869605108 0.914046895332 0.951945659918 0.979139647611 0.994150788958 1.02594021114 1.34615396591
7 7302 0.03060238972 1.35479735863 0.867584225935 0.867584225935 0.891278950044 0.954164591683 0.962975697592 0.98325669001 1.0189387112 1.35479735863
8 7311 0.0392560716679 1.33214270849 0.864557035469 0.864557035469 0.88893592138 0.91458799463 0.948928002119 0.990963817108 1.01863558274 1.33214270849
9 7320 0.0453548501835 1.34384501822 0.856491924705 0.856491924705 0.878156971913 0.903798211627 0.960961702586 0.968728354748 1.0554449317 1.34384501822
10 7329 0.0503285608929 1.30293578703 0.865028583998 0.865028583998 0.872218191572 0.909514288931 0.933684474942 0.976854234901 1.03072416874 1.30293578703
11 7338 0.0571126645231 1.28263555963 0.836895559143 0.836895559143 0.862665041893 0.897034298643 0.944336753849 0.993576484479 1.06344238548 1.28263555963
12 7347 0.0577619726535 1.23816939122 0.812816787642 0.812816787642 0.8645559089 0.885661140269 0.933400287251 1.04614893198 1.11506044897 1.23816939122
13 7356 0.0668892954832 1.21208888471 0.822502379667 0.822502379667 0.850018084513 0.869875007672 0.928257905418 1.03057039723 1.1045346207 1.21208888471
14 7365 0.0690246907245 1.31365787664 0.819771154697 0.819771154697 0.853187704508 0.862929283828 0.919455043051 1.00477226216 1.1322137672 1.31365787664
15 7374 0.0679217905144 1.303825497 0.81173999124 0.81173999124 0.823074037845 0.872819116492 0.952702592945 0.989377890272 1.11733319825 1.303825497
16 7383 0.0679848032445 1.30172834045 0.774571953214 0.774571953214 0.806051221487 0.89321734173 0.940154213234 0.974359811658 1.10207756752 1.30172834045
17 7392 0.0760514743213 1.35398675411 0.766269172526 0.766269172526 0.788462106046 0.885209906865 0.920995651286 0.972681174656 1.0485589097 1.35398675411
18 7401 0.0827058780007 1.51824217445 0.75955493706 0.75955493706 0.77828000981 0.86273613848 0.898322920276 0.963804747148 1.03198318211 1.51824217445
19 7410 0.0843196626878 1.52895822955 0.737401157348 0.737401157348 0.783799963746 0.864447330435 0.894132887914 0.957737670898 1.05451170721 1.52895822955
20 7419 0.0858280634546 1.51691354902 0.727492872229 0.727492872229 0.750537069634 0.867629292928 0.907831247476 0.933372719284 1.06840758633 1.51691354902
21 7428 0.0808484226404 1.5065953038 0.715796942261 0.715796942261 0.731363284566 0.826483157101 0.887816846683 0.948804629007 1.1237918264 1.5065953038
22 7437 0.0685176455401 1.56454334642 0.68690218863 0.68690218863 0.730387106711 0.788184690641 0.877078189485 0.917536590877 1.1171054812 1.56454334642
23 7446 0.0581933655974 1.56276522244 0.645535599842 0.645535599842 0.736174471453 0.765647200256 0.867266333855 0.920073542722 1.11048373701 1.56276522244
24 7455 0.0595620120358 1.53180003316 0.612123093903 0.612123093903 0.718791467785 0.746110012696 0.867433072812 0.906542587006 1.09599173846 1.53180003316
25 7464 0.0604345512339 1.51702729194 0.583291238346 0.583291238346 0.709146397393 0.772011173269 0.860500486012 0.94133954694 1.08970555465 1.51702729194
26 7473 0.0560209048536 1.66611577968 0.546908330683 0.546908330683 0.690862857635 0.764776544898 0.852749109151 0.957428193176 1.05586603292 1.66611577968
27 7482 0.0594860851204 1.65428702622 0.52203171002 0.52203171002 0.686399095168 0.739078521978 0.832587509812 0.949016441543 1.05272844227 1.65428702622
28 7491 0.0569716438142 1.62398558378 0.506638161596 0.506638161596 0.682453224541 0.714113406199 0.819002339283 0.995275347183 1.12946735377 1.62398558378
29 7500 0.0573875444789 1.61744871706 0.477073505377 0.477073505377 0.676910720356 0.702344918967 0.808529533006 1.03533875728 1.16027153576 1.61744871706
30 7509 0.0594465002865 1.63888069031 0.435066524192 0.435066524192 0.67882737359 0.753667711629 0.79346232672 1.02002709509 1.16319595526 1.63888069031
31 7518 0.062654764352 1.58392963398 0.420931253134 0.420931253134 0.666443294956 0.751024229731 0.784894071841 1.09579504733 1.17421625633 1.58392963398
32 7527 0.0748744113632 1.58777683341 0.392661344195 0.392661344195 0.661388643875 0.733602246614 0.77833013761 1.12985872053 1.28697211752 1.58777683341
33 7536 0.0892113121589 1.59631539916 0.374820505146 0.374820505146 0.70370245729 0.71598131386 0.785583051896 1.1449675066 1.32180076109 1.59631539916
34 7545 0.0924629450288 1.61467540386 0.374629339327 0.374629339327 0.708608846347 0.718706410511 0.800739321466 1.12210632122 1.32036952882 1.61467540386
35 7554 0.0969642996086 1.57535925377 0.357593618774 0.357593618774 0.666776349598 0.72105201909 0.788249166956 1.11491427053 1.29385808944 1.57535925377
36 7563 0.0991167008725 1.53096014088 0.344079582554 0.344079582554 0.670736154378 0.70568863415 0.777526022951 1.17147014973 1.32464594467 1.53096014088
37 7572 0.112337532958 1.48224205235 0.331551759841 0.331551759841 0.647681400212 0.696190525916 0.772755900178 1.19308756051 1.42855713579 1.48224205235
38 7581 0.113278679402 1.66357093391 0.325423068188 0.325423068188 0.621480870836 0.696441959437 0.791103122895 1.16125021732 1.4297013668 1.66357093391
39 7590 0.116541976689 1.70424881942 0.316857780738 0.316857780738 0.630654469755 0.681726108127 0.785003735863 1.13016691875 1.38409881209 1.70424881942
40 7599 0.107723598323 1.79282738821 0.313197048118 0.313197048118 0.615839674363 0.70054970551 0.769672715406 1.11649777218 1.36931801878 1.79282738821
41 7608 0.113504862871 1.81596780973 0.29682773942 0.29682773942 0.59944642634 0.703507851458 0.727252226548 1.10609838013 1.34893115428 1.81596780973
42 7617 0.114486717434 1.91591335573 0.286808410786 0.286808410786 0.622281300141 0.699055929525 0.705906698267 1.1075283748 1.29348674838 1.91591335573
43 7626 0.111636691661 2.00005037722 0.275087311062 0.275087311062 0.616863495659 0.680803557145 0.702754165122 1.12793024252 1.26184266129 2.00005037722
44 7635 0.11117078067 2.0121703819 0.270027183788 0.270027183788 0.593289066805 0.672155806785 0.685093531514 1.15759571638 1.25255492854 2.0121703819
45 7644 0.128746915956 2.12717792754 0.260693123546 0.260693123546 0.562453777927 0.660595123238 0.681385397588 1.13030037141 1.23621614312 2.12717792754
46 7653 0.151748887803 2.28269446609 0.250616240219 0.250616240219 0.549146298593 0.661363481965 0.756806571657 1.10066076363 1.19963392366 2.28269446609
47 7662 0.160579456897 2.57467159347 0.234399667063 0.234399667063 0.541942678045 0.651336526362 0.775026059441 1.06716196749 1.1929688531 2.57467159347
48 7671 0.159474873889 2.60443526406 0.221507163136 0.221507163136 0.535864198128 0.642775807594 0.803212738633 1.06240022213 1.17370739785 2.60443526406
49 7680 0.151377996658 2.61757269549 0.215228397941 0.215228397941 0.537686050487 0.630417522597 0.78354143646 1.08115175773 1.11934356318 2.61757269549
50 7689 0.166013239034 2.56867935272 0.207402741348 0.207402741348 0.527849765724 0.658659275929 0.771600573309 1.04351921627 1.09281026385 2.56867935272
51 7698 0.182119808699 2.71315747646 0.202134410184 0.202134410184 0.517292911219 0.658478686791 0.82794969636 1.01949765937 1.06512610058 2.71315747646
52 7707 0.19369544034 2.98012683088 0.189284422121 0.189284422121 0.514542970756 0.649598180724 0.825258628362 1.00068155928 1.04479431143 2.98012683088
53 7716 0.188282504944 3.1095497634 0.181897451964 0.181897451964 0.513331031536 0.644473118846 0.809550658065 0.981059240113 1.07355208199 3.1095497634
54 7725 0.190919016372 3.1039882449 0.176416995046 0.176416995046 0.491354193085 0.642379444306 0.776506562628 0.976509177917 1.06428993022 3.1039882449
55 7734 0.203601580813 3.07377936135 0.177689752285 0.177689752285 0.47904212126 0.635130307911 0.806861515595 0.966507871066 1.06485482032 3.07377936135
56 7743 0.186126584168 3.09086285484 0.17427638633 0.17427638633 0.473452519629 0.623009838557 0.83815910145 0.944581526232 1.06004779123 3.09086285484
57 7752 0.187496931406 3.17677397111 0.170459337418 0.170459337418 0.465152202497 0.646668478866 0.811706421425 0.902227855248 1.05254708491 3.17677397111
58 7761 0.199845141873 3.07357872778 0.167349993559 0.167349993559 0.458236448641 0.664156867441 0.82862783156 0.880226714017 1.04122655601 3.07357872778
59 7770 0.243297963916 3.45544340961 0.1662274044 0.1662274044 0.446253988327 0.635077476318 0.791271568045 0.870301230597 1.02574140612 3.45544340961
60 7779 0.268152930003 3.73849550571 0.159072967568 0.159072967568 0.441672906966 0.662409023949 0.788325151704 0.866628219281 1.00413016811 3.73849550571
61 7788 0.255735290207 3.80617622514 0.15313023053 0.15313023053 0.42674440156 0.652188294774 0.762456397895 0.862640118826 0.977370095999 3.80617622514
62 7797 0.225274305746 3.79611368574 0.150273828735 0.150273828735 0.421506227319 0.646303043296 0.726950675246 0.830779288897 1.03151086019 3.79611368574
63 7806 0.224108553668 3.85407157365 0.147647674534 0.147647674534 0.413539402308 0.636534252468 0.677222304224 0.81920479742 1.02167029615 3.85407157365
64 7815 0.2120855501 3.82041665182 0.144213591654 0.144213591654 0.399635743433 0.624493609897 0.680011884357 0.827060652067 1.0554231006 3.82041665182
65 7824 0.181934865422 3.66630308802 0.141591546577 0.141591546577 0.388706206072 0.613012617389 0.675789261605 0.849277981119 1.02934147722 3.66630308802
66 7833 0.169093145717 3.61412849009 0.134934733112 0.134934733112 0.377312893223 0.592156646217 0.661320273917 0.839508255005 1.02847965481 3.61412849009
67 7842 0.144498295426 3.55269818631 0.133414892734 0.133414892734 0.365303210843 0.562677606241 0.641811646122 0.84821717124 1.03263648285 3.55269818631
68 7851 0.131108838344 3.4754770012 0.127974663294 0.127974663294 0.361544449171 0.544835657591 0.653427693482 0.868911786588 1.03363652594 3.4754770012
69 7860 0.13482517751 3.54126603088 0.120032600993 0.120032600993 0.349586401254 0.532512718159 0.643358638243 0.871135054728 1.03159878107 3.54126603088
70 7869 0.145072359985 3.7669306713 0.11331302949 0.11331302949 0.35230848017 0.526794414365 0.633181639493 0.860591018914 1.03106079932 3.7669306713
71 7878 0.14949746691 4.0595892864 0.108071975865 0.108071975865 0.340445360046 0.522909984928 0.633558464201 0.859806850677 1.02378432811 4.0595892864
72 7887 0.148197036544 4.20671062435 0.103266296293 0.103266296293 0.329284391661 0.509425885128 0.629989347101 0.84625105804 1.0114014665 4.20671062435
73 7896 0.147185377313 4.35682615901 0.100032156527 0.100032156527 0.325315544789 0.488695528171 0.632149107882 0.861241329502 0.972651382325 4.35682615901
74 7905 0.141765456558 4.45411827125 0.0984631092966 0.0984631092966 0.324504491251 0.473636254689 0.628825570692 0.824348052575 1.00803945096 4.45411827125
75 7914 0.139658570337 4.33954600159 0.0964725694264 0.0964725694264 0.317214768888 0.47569844671 0.615105852337 0.823784154364 1.01354698467 4.33954600159
76 7923 0.134714603671 4.30058352054 0.0998727907753 0.0998727907753 0.299666525471 0.475580360424 0.607798549035 0.827144800572 0.995158530065 4.30058352054
77 7932 0.125943854856 4.25245436276 0.0976371968428 0.0976371968428 0.291797092684 0.481389844468 0.602829341402 0.812885912695 0.983369567655 4.25245436276
78 7941 0.125907461566 4.367565952 0.0945710991927 0.0945710991927 0.287488481517 0.463258027986 0.609199350386 0.795173476486 0.971519520965 4.367565952
79 7950 0.126668740001 4.26061824456 0.0923656297252 0.0923656297252 0.275769002411 0.462053468627 0.626879090496 0.769061126564 1.00339720044 4.26061824456
80 7959 0.124681278925 4.36629149243 0.0902183081212 0.0902183081212 0.272317373358 0.459528771148 0.631658946922 0.75695437406 1.03167341709 4.36629149243
81 7968 0.12809425394 4.30382585577 0.0874151508433 0.0874151508433 0.273769830525 0.4483809741 0.625543688113 0.792774539184 1.03555065014 4.30382585577
82 7977 0.128604518452 4.56350857541 0.0830613553842 0.0830613553842 0.267708447581 0.429240047298 0.640242839092 0.790706368743 1.01293918533 4.56350857541
83 7986 0.129519956997 4.56020376122 0.079240893776 0.079240893776 0.265352278057 0.44229460797 0.637345514106 0.772967325609 1.02274912624 4.56020376122
84 7995 0.112210607113 4.49112441787 0.0776214911177 0.0776214911177 0.261026652335 0.446819741799 0.637271565948 0.774865920609 1.02088976225 4.49112441787
85 8004 0.0984512329499 4.48592832966 0.0745948669377 0.0745948669377 0.255091969395 0.443760808628 0.621183896199 0.758845714364 1.02130755382 4.48592832966
86 8013 0.0889654633935 4.41201758536 0.0732124130211 0.0732124130211 0.247594782369 0.431777550999 0.608790875616 0.755388719891 0.998775188335 4.41201758536
87 8022 0.0971207702389 4.41801528195 0.0704147785968 0.0704147785968 0.234308096254 0.426190117538 0.618896390331 0.745275799997 0.986277416911 4.41801528195
88 8031 0.0918809347032 4.30451086687 0.0697057193228 0.0697057193228 0.236897586333 0.419209680997 0.66215402961 0.749384732063 1.00111258534 4.30451086687
89 8040 0.0852197599105 4.20051515765 0.06794091354 0.06794091354 0.227321514533 0.421772765286 0.649175337096 0.757567173159 0.987751350333 4.20051515765
90 8049 0.0755703614144 4.10359914494 0.0654735184025 0.0654735184025 0.222089073495 0.416218985779 0.653335390584 0.750599393814 0.994836685766 4.10359914494
0 8050 0.5 1.00004285806 1.0 1.0 1.00000714288 1.00001428582 1.0000214288 1.00002857184 1.00003571492 1.00004285806
1 8194 0.55993152586 1.00004285806 1.0 1.0 1.00000714288 1.00001428582 1.0000214288 1.00002857184 1.00003571492 1.00004285806
2 8338 0.714877513648 1.19452775806 0.560446846293 0.560446846293 0.725989788183 0.915680535959 0.950072401952 0.978122885804 1.12115013628 1.19452775806
3 8482 0.827693917934 1.25911825177 0.371892872458 0.371892872458 0.588531502876 0.797360709514 0.865242908581 0.989738724361 1.01016944727 1.25911825177
4 8626 0.920289385648 1.27053801443 0.245798814967 0.245798814967 0.502620561979 0.717936759073 0.872246470442 0.927858995226 1.1070383528 1.27053801443
5 8770 1.03970614525 1.32933313056 0.153377194419 0.153377194419 0.404119985611 0.673572991736 0.833120620538 0.923000413745 1.19700064627 1.32933313056
6 8914 1.25548575739 1.35722486287 0.1001924062 0.1001924062 0.306995750671 0.628819639208 0.692033523236 0.925924997198 1.28536507751 1.35722486287
7 9058 1.59911213096 1.43847833143 0.0662606725741 0.0662606725741 0.254586223297 0.527566426994 0.645882534068 0.82159155946 1.17594679043 1.43847833143
8 9202 1.86803005299 1.58783126502 0.0508459278605 0.0508459278605 0.199390048605 0.488594955754 0.616739428003 0.812207439731 1.08935362929 1.58783126502
9 9346 1.93047699166 1.53522485171 0.0380757719024 0.0380757719024 0.152619539301 0.416362683536 0.622236642842 0.705109761884 1.01683434745 1.53522485171
10 9490 2.08766054996 1.34530335804 0.0295318522813 0.0295318522813 0.12444925308 0.358000661609 0.533536553133 0.589667065558 0.978536702589 1.34530335804
11 9634 2.13447260292 1.17871393639 0.0235615396382 0.0235615396382 0.104886936748 0.300791319123 0.476356644821 0.575207427939 0.983327578897 1.17871393639
12 9778 2.0614193483 0.981495611158 0.0172995397044 0.0172995397044 0.0872328273099 0.260360231786 0.443810581682 0.512887978033 0.814325035142 0.981495611158
13 9922 2.09389405558 0.819096558979 0.0137947803645 0.0137947803645 0.0718315632259 0.232280978112 0.383899714883 0.523901542196 0.76358311291 0.819096558979
14 10066 2.26565995314 0.729400967408 0.00991670804848 0.00991670804848 0.0582368628145 0.228200414275 0.351175686162 0.496930000098 0.627027984174 0.729400967408
15 10210 2.21905443539 0.821027418087 0.00773616476763 0.00773616476763 0.0433932090937 0.220519273028 0.339094955368 0.512187315364 0.573614000089 0.821027418087
16 10354 2.27298719743 0.844632410842 0.00637373390733 0.00637373390733 0.0348499893167 0.178863253422 0.283511558068 0.422342694628 0.498444629855 0.844632410842
17 10498 2.04551678227 0.871122937339 0.00516720046123 0.00516720046123 0.0281861365424 0.153281159951 0.254837408571 0.328791882659 0.499499084823 0.871122937339
18 10642 1.95581026481 0.941128606855 0.00414120572773 0.00414120572773 0.0213292674553 0.131470717089 0.203029673306 0.29807053334 0.428666943299 0.941128606855
