% # iter+eval+sigma+0+fitness+xbest, seed=305655, Mon Feb 22 19:32:43 2016
1 9 0.476887706289 0 2.85678674115 0.00493197114931 1.62139737398 3.70589035889 1.74984107213 0.352394736243 0.132757776215 0.082972940092
2 18 0.505613161153 0 3.17748692117 0.00800307173523 1.5905738522 3.7548897493 1.73288164237 0.386908004793 0.135252171744 0.113880552354
3 27 0.450020115745 0 0.387209194799 0.00368516981476 1.51515905913 4.28385682867 1.61910207441 0.544008295858 0.128134575718 0.108086533652
4 36 0.419008007342 0 19.8555812649 0.0053340342202 1.23001252272 4.05017152881 1.65878402215 0.496030449358 0.12261579888 0.0396169811716
5 45 0.401161611712 0 8.84193353819 0.00407428787574 1.23189117105 3.62185702639 1.68993073643 0.422750342133 0.12193489037 0.0921848405614
6 54 0.356578033028 0 3.50902191579 0.00451491807477 1.36059166584 3.92522717095 1.63399834739 0.451635630556 0.128982596882 0.0655470701017
7 63 0.345382188897 0 9.52948405563 0.00399103495539 1.50743678483 3.77951589937 1.88409796593 0.442878160953 0.120646996316 0.0439909497671
8 72 0.327064612113 0 0.814957920878 0.00389666184083 1.53991205679 4.20136652383 1.70751602419 0.446329439507 0.127236803256 0.0552364795455
9 81 0.333182135231 0 0.25138079478 0.00513937357684 1.60543431283 4.35820831244 1.65377088565 0.524108364956 0.122119917001 0.0853359419166
10 90 0.313920110413 0 4.46127306491 0.00422326113727 1.53539519777 4.32190427076 1.80925237053 0.560423658887 0.118908406864 0.0555619221216
11 99 0.319260597542 0 0.873520564898 0.00357883069197 1.57621670175 4.45686451261 1.64054974836 0.471190437021 0.121278227823 0.0643842471328
12 108 0.303188205677 0 4.01570717655 0.00575079054093 1.49986627 4.18422304246 1.84741225807 0.769214875353 0.125032714073 0.0394209006884
13 117 0.290313109555 0 1.94448558555 0.00582044208875 1.49612438995 4.0623649137 1.7696268813 0.663670061694 0.1292358973 0.0684524867679
14 126 0.287334526679 0 1.1926952452 0.00518058280858 1.55639408213 4.11278750722 1.73054279145 0.74517348876 0.122555209611 0.0813106800946
15 135 0.273298672391 0 3.33423632208 0.0057640971691 1.58603137283 4.10165866006 1.78523273382 0.758655442025 0.12361306749 0.0747530527362
16 144 0.255484314886 0 3.29723714825 0.00593659577792 1.45826750855 4.20659141012 1.79615608136 0.842109103826 0.127964347712 0.0993051117069
17 153 0.281838029702 0 0.330122459351 0.00605809894419 1.56549064941 3.89353085283 1.65304155346 0.842001240178 0.128068508222 0.123697059006
18 162 0.279961494464 0 2.82676920689 0.00636350528334 1.58320379359 3.73986439308 1.79304385712 0.834390000643 0.126724947774 0.0695174796399
19 171 0.276003397254 0 1.79591696354 0.00751886371542 1.43365009629 3.8432073434 1.75312826883 0.867783997182 0.129104579786 0.057854919468
20 180 0.237723195748 0 1.78075638413 0.00626570442678 1.47135189107 4.05773902045 1.7741903892 0.784618260356 0.122439381583 0.0716498128354
21 189 0.239121312111 0 0.649947132479 0.0065834633817 1.58414776311 3.56825692623 1.69080778106 0.821518950751 0.124226904898 0.0973317413373
22 198 0.218143968738 0 0.613854761003 0.00627869599887 1.47008145485 3.85788744968 1.70613819753 0.840288523511 0.126702234687 0.109355509074
23 207 0.188954448466 0 0.707706615523 0.00635058254668 1.52857349913 4.01768337066 1.69680745846 0.822089775168 0.124261482073 0.0750506796016
24 216 0.176536950221 0 0.663329194673 0.00753068023626 1.57867546605 3.97136688233 1.63361283959 0.88763877336 0.126698945926 0.0985450885275
25 225 0.168119521507 0 0.385809792149 0.00746431440123 1.61126937916 3.99000681061 1.635947248 0.892369691131 0.125883591964 0.102498184536
26 234 0.147983122471 0 0.389918523469 0.00693646424571 1.54127102044 3.86663628206 1.65850501658 0.805351504987 0.123793930186 0.108657770241
27 243 0.130706085733 0 0.525241272706 0.00780111816995 1.50424473413 3.84415478782 1.66362863482 0.922950270262 0.127370376686 0.112308404859
28 252 0.120892631834 0 0.385708397781 0.00678707487159 1.48435435541 3.91386476537 1.67986064707 0.868743373605 0.12402220544 0.121489632428
29 261 0.126414823828 0 0.320744794055 0.00719885377328 1.58505516443 3.99559016946 1.65669289346 0.939524760192 0.124725713596 0.106073626223
30 270 0.119743502585 0 0.396247809478 0.00688583471099 1.52972697969 3.91153738413 1.67719270743 0.879301524291 0.123821639437 0.111582006422
31 279 0.118343353781 0 0.386853037618 0.00736371396787 1.5591284231 3.72217636073 1.65555541316 0.892515515865 0.12579373239 0.122628063571
32 288 0.105999658461 0 0.357756725384 0.0070000684851 1.54640122139 3.95030668893 1.66821081864 0.931272590669 0.123548764722 0.119327249832
33 297 0.0948997764703 0 0.391506891741 0.00704967930899 1.59907803493 3.84461617688 1.65821212433 0.966561791123 0.126434144787 0.117399693187
34 306 0.0858637290166 0 0.335517595416 0.00717728201376 1.53302858141 3.93922437924 1.66617425656 0.928779039844 0.124689346879 0.116016827016
35 315 0.0836354681737 0 0.30698535417 0.00703178155615 1.56411799577 3.92604537273 1.64139854301 0.938789790139 0.123668036824 0.12152299374
36 324 0.0824195576176 0 0.321465387734 0.00752277289477 1.56464230451 4.06438157396 1.66705461774 0.954345312901 0.12398647967 0.105863904664
37 333 0.086539354198 0 0.285535904967 0.00709882229238 1.50265658917 4.07346651925 1.65453003992 0.991614668353 0.122535678434 0.121531542487
38 342 0.0838470146886 0 0.314089304476 0.00720811415574 1.53178953035 4.04217148277 1.65854973021 0.979093270535 0.123959788354 0.113236674545
39 351 0.0869928948086 0 0.253230284736 0.00687429396615 1.53901734324 4.14820901884 1.65323254886 0.932970576475 0.124215708305 0.112829678483
40 360 0.0998435959006 0 0.215801600311 0.00681880370609 1.54699448438 4.32739632016 1.65165884052 0.931337333859 0.122649746483 0.114511122525
41 369 0.108930674812 0 0.200835251034 0.00671205738241 1.56240128413 4.27458601833 1.63532993526 0.959948810388 0.124244097345 0.119868486169
42 378 0.111146382989 0 0.210279468198 0.00690086918293 1.55511053396 4.39616006188 1.63830422867 0.965794749357 0.124160486414 0.107480814411
43 387 0.0931685043226 0 0.219776609838 0.00684110993718 1.4986427783 4.22150639546 1.6526089945 0.986818292942 0.124044340868 0.12223402311
44 396 0.0878448605105 0 0.258817755156 0.0072770878985 1.55241112739 4.10043502938 1.63628613613 0.959103055705 0.12506299726 0.120778699051
45 405 0.0805064702899 0 0.190097666939 0.00682107144855 1.53736192908 4.31115237433 1.64439948397 0.931560540889 0.124611587219 0.117252007422
46 414 0.0870759982217 0 0.194903324737 0.00680811263652 1.59448279266 4.42263889369 1.62472927475 0.965128840269 0.124019047484 0.112378289711
47 423 0.0878386352963 0 0.170153951597 0.00650754344832 1.53761629545 4.38293405545 1.632135306 0.950145693838 0.123773256666 0.12245087507
48 432 0.0844100780053 0 0.182461536302 0.00656736477032 1.56417164343 4.46369551392 1.62280800507 0.966643063334 0.123856068297 0.116320110514
49 441 0.0783741538955 0 0.15851857138 0.00649954966625 1.56926242445 4.55903220607 1.63236168111 0.97902236034 0.122096618397 0.108378203916
50 450 0.0736265320309 0 0.167357334653 0.0062509518808 1.57595560769 4.50371510731 1.63488434883 0.937335444862 0.122742633554 0.107691568342
51 459 0.0640130003835 0 0.175280905822 0.00661484179922 1.57252789399 4.51906067954 1.6429373155 0.954086101845 0.123737658861 0.106021313416
52 468 0.0545384982844 0 0.173160239398 0.00655972788973 1.58418129701 4.5027922772 1.62993695034 0.954523008281 0.122700366624 0.110322731555
53 477 0.0497400503367 0 0.16006374554 0.0064153869979 1.5669783731 4.54000874093 1.62927137977 0.943418984518 0.122791760961 0.111740468293
54 486 0.0483605740594 0 0.174920009121 0.00654631730083 1.56731288373 4.45404423471 1.62827825702 0.976056728188 0.123972544464 0.116578917471
55 495 0.0453795913942 0 0.16408827124 0.00664544852009 1.55027426936 4.47838290493 1.63194105776 0.964963411696 0.123932254409 0.115577248738
56 504 0.0475754846436 0 0.166797648492 0.00679476047298 1.55747795783 4.48914545176 1.63129186859 0.961982382956 0.124501262959 0.1135880486
57 513 0.0479852273931 0 0.162666833914 0.00665592566272 1.55715368108 4.51520224679 1.62997747055 0.948579825189 0.124188417088 0.116283608733
58 522 0.0459044434053 0 0.161878353803 0.00670433160346 1.55283809948 4.50165022816 1.63654422865 0.94309623925 0.124139958279 0.111977134923
59 531 0.0446483826972 0 0.168639466749 0.00678225328027 1.55063905638 4.45587633028 1.63666274569 0.953016488103 0.124865333357 0.116219454323
60 540 0.0455573449544 0 0.16497644043 0.00683088783892 1.53802645507 4.45414500473 1.63243680721 0.953666429425 0.125101371061 0.11847638031
61 549 0.0428416257033 0 0.16960004884 0.00670387494874 1.54981221132 4.45088204178 1.63129315695 0.939959944481 0.124385981881 0.115474486815
62 558 0.0454813640801 0 0.172416795296 0.00678166696448 1.52226255305 4.37671312126 1.63551426569 0.939594348377 0.125126632036 0.121376808703
63 567 0.0433540375571 0 0.168213190927 0.00665677349117 1.53505254527 4.43490264692 1.64177231287 0.947532029531 0.124170563144 0.116132059512
64 576 0.0406087802728 0 0.164771254371 0.00652353958509 1.56141764296 4.52610796281 1.63455238783 0.945808327419 0.123776257096 0.113371415209
65 585 0.0389633523722 0 0.164960117623 0.00658705450049 1.55555936041 4.51976698698 1.62950559908 0.964786889961 0.124038186285 0.118213767713
66 594 0.0426484943391 0 0.164477426846 0.00662979023049 1.53549905104 4.42923273543 1.63201118323 0.967490307336 0.124331222511 0.122188463653
67 603 0.0435571660289 0 0.164399175462 0.00639043494116 1.55327697649 4.48724957345 1.62999123075 0.955208737465 0.124199284272 0.117954607049
68 612 0.0423039355488 0 0.163833536484 0.00648990288231 1.54919802201 4.47800545952 1.63589644927 0.961855408905 0.124437669336 0.114753233224
69 621 0.0408230535804 0 0.165675959786 0.0066086598898 1.53876296696 4.45511419424 1.63498037241 0.960828137384 0.125238424266 0.11709249215
70 630 0.038150367552 0 0.16284842024 0.00658790690734 1.54805325766 4.48854144694 1.63016219839 0.957749273987 0.12494980338 0.117942958208
71 639 0.0336347605606 0 0.162955639958 0.00657027807555 1.55007326142 4.48992581113 1.63130467134 0.969962423354 0.124642142747 0.117019065645
72 648 0.0302885779879 0 0.165177461612 0.00660646143178 1.53953910321 4.44097352826 1.6349781768 0.964684137791 0.124711513902 0.119734199939
73 657 0.0302857837753 0 0.160709682818 0.00636376548606 1.55136664928 4.50312106757 1.63470608542 0.956797932756 0.124099107484 0.114060822035
74 666 0.0301416919331 0 0.16468433538 0.00647197404203 1.54326374384 4.45373256607 1.63376720003 0.972449923987 0.124551499363 0.118352282738
75 675 0.0328704426112 0 0.162102009464 0.00631859402553 1.55582700679 4.5085074974 1.63297735384 0.972727271871 0.123737851841 0.11296157248
76 684 0.0355613797593 0 0.161412883992 0.00630555287919 1.55097298133 4.4974879157 1.63581942898 0.96730231905 0.123393372438 0.11455922706
77 693 0.0320838997852 0 0.161019581988 0.00641266888912 1.55490507813 4.51591562851 1.63500818324 0.965711001049 0.124292946626 0.112845146344
78 702 0.0315866482261 0 0.160366367768 0.0065487252248 1.54508188865 4.48252685164 1.63317436485 0.965302506952 0.123581822074 0.117420775197
79 711 0.0326655071509 0 0.161705903119 0.00626959168855 1.55648609756 4.50711949453 1.63581112107 0.975177957187 0.122929198634 0.11289873205
80 720 0.0280353388759 0 0.161196337938 0.00645458305818 1.55447510574 4.5108955161 1.63456642282 0.965212838163 0.123511849818 0.114420939993
81 729 0.0282391992481 0 0.160021270998 0.0063427795018 1.55554809096 4.51845773584 1.62960312498 0.96176217024 0.123405923578 0.115262792413
82 738 0.0280574931215 0 0.16083372633 0.00624331400032 1.55761708942 4.51492065158 1.62923879286 0.956605330759 0.123063915697 0.114476322608
83 747 0.0276455315508 0 0.159043054132 0.00625211026007 1.55349003762 4.5124090959 1.63213079974 0.954526647017 0.122994535438 0.113578904303
84 756 0.0286702233826 0 0.158355552763 0.00612815089585 1.55592131062 4.51910800714 1.63191218668 0.955945136115 0.122594543217 0.114037338118
85 765 0.0273064764915 0 0.159128757039 0.00618073980497 1.55489672371 4.51363461106 1.63302500695 0.972782557646 0.122442900558 0.114449215788
86 774 0.0234446134318 0 0.158991206805 0.00620943572512 1.55508825537 4.51603570191 1.63040414114 0.960100347978 0.122735849187 0.115248994626
87 783 0.0217427489738 0 0.15873681678 0.00623060629974 1.55251984419 4.51215559235 1.63269587282 0.949965717997 0.123380591041 0.11396532608
88 792 0.0215735908208 0 0.157887141587 0.00611537291567 1.56077853191 4.53357051718 1.63303206152 0.959680706575 0.122232262094 0.111155615699
89 801 0.0214392106144 0 0.158486792807 0.0062025862267 1.55374805012 4.51106541051 1.63166443195 0.953951254887 0.12259847457 0.114116183896
90 810 0.0208465258498 0 0.158742592785 0.00624134580545 1.55805299032 4.52472718857 1.63164724371 0.962001066279 0.122544249962 0.112496883391
91 819 0.0212780939674 0 0.158474310654 0.0061861546416 1.56640614996 4.54488573418 1.63288267624 0.955938452275 0.122343899468 0.109884059109
92 828 0.0215468776026 0 0.158483089022 0.00622718435409 1.56262488226 4.53827000571 1.63134297397 0.951447114205 0.122722109698 0.112114626047
93 837 0.0242280462125 0 0.158401211028 0.0061217275162 1.56073380417 4.528483633 1.63124630615 0.937913756885 0.1223757869 0.112944355854
94 846 0.0262764121415 0 0.158105937892 0.00615418625045 1.56551903285 4.54878379744 1.62928783716 0.937999540992 0.122518549089 0.111956192742
95 855 0.0322877605651 0 0.157682736028 0.00601990120526 1.56390246368 4.54403188221 1.6295995401 0.92051880009 0.121661794444 0.112870362976
96 864 0.0351417096243 0 0.156463476133 0.00591140152477 1.5758134748 4.57335959484 1.63119774168 0.927200254112 0.121210512248 0.107534097189
97 873 0.0417523576775 0 0.156551912285 0.00603847114922 1.57304775342 4.56597832102 1.62971688406 0.900370776929 0.121579586009 0.109163930497
98 882 0.0425646919061 0 0.155743382429 0.00593618322046 1.58173622824 4.59635329771 1.62950743188 0.911079360775 0.121359840799 0.10618008006
99 891 0.0410214053555 0 0.155761304373 0.00600271617739 1.58032025373 4.59140338631 1.63023883692 0.921758479409 0.121425698975 0.105614399688
100 900 0.0426193966732 0 0.156586281005 0.00596472156232 1.56768577366 4.5517982962 1.63532757424 0.897858218968 0.121615507491 0.106004441061
101 909 0.0468210084285 0 0.155937782551 0.0056765277104 1.5934916605 4.61042740664 1.63381837069 0.879537944725 0.119680595483 0.0980362712556
102 918 0.0458428654603 0 0.154719956992 0.00578758050876 1.59331589209 4.63167923306 1.62755293429 0.886643039416 0.120618579757 0.101661811549
103 927 0.04228033722 0 0.155011647498 0.00570505626095 1.58843400414 4.60642982531 1.62716954837 0.862085376998 0.120319537073 0.103411763325
104 936 0.0411947354946 0 0.153168283212 0.00565696237186 1.59072845768 4.62142614508 1.62796413163 0.864765571507 0.120048481284 0.103240683705
105 945 0.0420085802001 0 0.152431136442 0.00555185122037 1.60159485008 4.64876309902 1.63125581375 0.872699685758 0.119137275584 0.0982183209403
106 954 0.0377468330705 0 0.152732002878 0.00568829510754 1.58892885772 4.6118093098 1.63173258276 0.868946358452 0.119690812336 0.101512892719
107 963 0.0363144882362 0 0.151427859256 0.00554708943909 1.59045396119 4.62025037327 1.63249097019 0.870447172233 0.11867795138 0.100217583996
108 972 0.0346096522394 0 0.151683044986 0.00552844051143 1.59392078001 4.62606194529 1.63123145327 0.867743744172 0.118803719987 0.0997117732886
109 981 0.0368445808538 0 0.150492294755 0.00530189488329 1.60712912445 4.66985936923 1.62811807834 0.859637429418 0.117644844337 0.0960686034949
110 990 0.041402703975 0 0.148515275088 0.00510114416124 1.61418512789 4.69153591986 1.63023013159 0.839965347286 0.117150409489 0.0931862661357
111 999 0.0372853776817 0 0.149546346973 0.00531892925827 1.60933802083 4.67796233803 1.63108950674 0.861229662104 0.117676090012 0.0944348949923
112 1008 0.0385645342166 0 0.149967617594 0.00505705560019 1.61490776389 4.67995374342 1.6312427993 0.83538081298 0.116532961044 0.092078939563
113 1017 0.0404808987922 0 0.149673116804 0.00490370250669 1.63051629955 4.73068718853 1.63146842231 0.821341437292 0.116115911605 0.0865211683985
114 1026 0.0364837506576 0 0.150007913616 0.00525327208224 1.61824553735 4.69425913991 1.62951747092 0.850745924902 0.1172806947 0.0928029731969
115 1035 0.0337502120265 0 0.148377583113 0.00504471355874 1.6249185492 4.72051203571 1.62857883549 0.844120143354 0.11623264611 0.0904567808376
116 1044 0.0330750380483 0 0.147790188464 0.00483667728742 1.62971608007 4.73362370326 1.63016210505 0.850653279076 0.115687469106 0.0888650979592
117 1053 0.0338133127292 0 0.148672876524 0.00478060395879 1.62580291842 4.72416864701 1.6331555955 0.84169739615 0.115331248424 0.0868178974941
118 1062 0.0370228999594 0 0.146591759423 0.00477897664092 1.61962303238 4.70800134359 1.62969572891 0.819145250688 0.115167841896 0.0906793092327
119 1071 0.0369858600717 0 0.147178265752 0.00484864404114 1.61777308117 4.70100485165 1.62829313843 0.824005386073 0.115419985405 0.0921887003608
120 1080 0.039655538454 0 0.147671344401 0.00494695058883 1.60058642207 4.64944042184 1.62871012227 0.821161393736 0.11593355904 0.0970495240932
121 1089 0.0379003941686 0 0.146870165485 0.00479996576907 1.61380072387 4.68998933314 1.63159662467 0.808907138452 0.115289578551 0.0913395460787
122 1098 0.0375035746559 0 0.146838960578 0.00464228988278 1.61777824667 4.69949233873 1.62894630169 0.804571863829 0.114595855893 0.0910454379102
123 1107 0.0371656545499 0 0.146585037759 0.00468718281838 1.61209072896 4.68023523458 1.63126581464 0.812626378162 0.114562709434 0.0922306976134
124 1116 0.0359483765245 0 0.145763592321 0.00466006074031 1.61520437132 4.69318602658 1.62953380219 0.806660776393 0.114346779969 0.0918555021453
125 1125 0.0378841269863 0 0.14472643935 0.0043607833266 1.61979390235 4.70317846794 1.62908186349 0.791667509129 0.113554278383 0.0913274681081
126 1134 0.0441148610607 0 0.144184484426 0.00456143360109 1.5978812899 4.64260141813 1.62820379836 0.77869499276 0.113667156894 0.0981944740951
127 1143 0.0458385141127 0 0.14583119809 0.00456837423863 1.59942908524 4.6419826905 1.62901821059 0.782695291659 0.114340901346 0.0965273484203
128 1152 0.049519332815 0 0.144678736788 0.0046432674693 1.58526937446 4.60680291888 1.62755598219 0.759893630891 0.114875001013 0.101562177741
129 1161 0.0541960785774 0 0.143124487766 0.00443753289939 1.60167121968 4.65464572114 1.62756079306 0.750778953997 0.113249001212 0.0966138179785
130 1170 0.0562505197794 0 0.144766614116 0.00442975074596 1.58485051018 4.5934873472 1.62595564036 0.700587027819 0.113109608928 0.100690630392
131 1179 0.0595743551049 0 0.142725136847 0.00452196569776 1.58224442959 4.59753706646 1.62981121567 0.735512518392 0.112585172631 0.0995186763362
132 1188 0.0699556694986 0 0.141200412695 0.00371535869223 1.60263309785 4.64259665038 1.62762643944 0.66786684003 0.109497829959 0.0942970726394
133 1197 0.077969057464 0 0.140610492704 0.00397018566886 1.59033339332 4.61110667044 1.62632491988 0.652720408484 0.109668418477 0.0976908406691
134 1206 0.0873071810713 0 0.138712865647 0.0032015256475 1.60878189515 4.65294502843 1.62357143926 0.596274561129 0.106087092255 0.0955795833334
135 1215 0.100255182562 0 0.141111692446 0.00414318165189 1.61569998388 4.69549736865 1.62410959668 0.651836189698 0.110118711711 0.0927890758446
136 1224 0.119371732452 0 0.138027827532 0.0032727069453 1.62441341313 4.70001225729 1.62848140133 0.586289825595 0.105246546905 0.0897817220466
137 1233 0.144832956251 0 0.136414104772 0.00332280202867 1.60185688181 4.63139629863 1.62302804313 0.460509957754 0.101728784806 0.0963188010434
138 1242 0.168983535192 0 0.150128740601 0.00495288896803 1.59064272562 4.59929412561 1.61933714394 0.63087889957 0.109906853662 0.105362347166
139 1251 0.175023328309 0 0.144626320386 0.00386853708535 1.61545282966 4.65636500985 1.62083611139 0.469112854945 0.103842923441 0.0924488112496
140 1260 0.160346399899 0 0.13860929939 0.00400546892728 1.62403613346 4.67981707335 1.62646678741 0.504599013432 0.10527360535 0.0913159468792
141 1269 0.132376864456 0 0.136983391575 0.00360825142985 1.61447599609 4.66529157184 1.62638793801 0.528469987016 0.104663470969 0.0926902031438
142 1278 0.118959839402 0 0.136171329562 0.00345099976945 1.6015628391 4.64153870253 1.62403942113 0.560769721772 0.10551283355 0.0953343327641
143 1287 0.126247969753 0 0.13551452452 0.00346991744665 1.58339662918 4.59525796388 1.62385449244 0.523653261921 0.106483994136 0.0983087333811
144 1296 0.130607306054 0 0.136465897051 0.00361859985618 1.5903342923 4.61583455229 1.62807737847 0.594528475335 0.105681689452 0.0968631111557
145 1305 0.120406648832 0 0.134830218438 0.00361894456836 1.58876183022 4.61651945177 1.62595757174 0.574731343491 0.105775179199 0.0960517037818
146 1314 0.10296210111 0 0.135069448341 0.00324744693078 1.5862235876 4.59944745696 1.62302562377 0.495024804052 0.104391491132 0.0991181460194
147 1323 0.0983354681661 0 0.133070179353 0.00294669338292 1.58767892439 4.61358278544 1.62881395152 0.480211085253 0.103939652705 0.0944341303959
148 1332 0.102815440807 0 0.131813198025 0.00265465447183 1.58490224214 4.59890546087 1.62136292615 0.375879548524 0.100395587635 0.0965866291164
149 1341 0.099061669376 0 0.130003611372 0.00245251464689 1.58395537953 4.5978818376 1.62314727987 0.332887944117 0.0995943054246 0.0952654933674
150 1350 0.0931636456655 0 0.133436836111 0.00222706100843 1.5981344142 4.62628029094 1.62141638855 0.386149064489 0.0994535928018 0.0945273693629
151 1359 0.0836074271107 0 0.130663764981 0.00215956389373 1.59578389136 4.63412948439 1.62697238054 0.421864241696 0.0994183398926 0.0922310024193
152 1368 0.0748111918384 0 0.131707074893 0.00276582941273 1.58827079488 4.61442651035 1.62685168776 0.483057951423 0.102792791728 0.0949022224824
153 1377 0.0684371896114 0 0.130669091365 0.00253833222561 1.59435551592 4.63191662338 1.6247534125 0.445193841866 0.101222552573 0.0944628118278
154 1386 0.0633995080062 0 0.130956604252 0.00249246853211 1.5969803199 4.6346797953 1.62320911307 0.407653033069 0.100504359927 0.0938904789687
155 1395 0.0582551569403 0 0.131205743758 0.00239994784655 1.5881366279 4.61342802026 1.62706567839 0.439881519892 0.100998974927 0.0941601254805
156 1404 0.056703795173 0 0.130205435455 0.00211447361274 1.59337833627 4.62908770091 1.62805684607 0.381154067016 0.0991539503501 0.090805376801
157 1413 0.056183267614 0 0.129459424945 0.00211379463408 1.60037459198 4.65092810005 1.62511762762 0.376976263087 0.0987001345492 0.0904549818438
158 1422 0.0518127879634 0 0.129343052191 0.00218044248778 1.59264602191 4.62655470305 1.62641426849 0.355327608013 0.09836167083 0.0906825498454
159 1431 0.0528135967712 0 0.129477588584 0.00205262603843 1.59950371546 4.64451373345 1.62602201826 0.376287948447 0.0982099372322 0.0906462995524
160 1440 0.0538218010422 0 0.128366790462 0.00203151023993 1.59192738659 4.62574513956 1.62397879884 0.318380350941 0.0965524051182 0.0915267806053
161 1449 0.0573874919507 0 0.128838561254 0.00202517238276 1.58658392836 4.60570345826 1.62477234082 0.289527634667 0.09656215949 0.0921604435687
162 1458 0.0585775142633 0 0.12872558678 0.00177751356219 1.5898317456 4.61829319326 1.62660904666 0.277346330892 0.0945794701589 0.0895675899317
163 1467 0.0560432875753 0 0.129688170853 0.00144771449107 1.60042490897 4.6429869649 1.62290167767 0.256475451086 0.0940100339326 0.089770842241
164 1476 0.0546018822523 0 0.128188832914 0.0017826516115 1.59038692298 4.62164847414 1.62355636954 0.282235824857 0.0953428430259 0.0910173520633
165 1485 0.053937011263 0 0.128328018493 0.00171770686126 1.5940350906 4.63269853049 1.62299245308 0.283067746261 0.094187880563 0.0905540844315
166 1494 0.0460112917501 0 0.128170053562 0.00185329925118 1.59199040444 4.62750556379 1.62471618119 0.332411996851 0.0961856756601 0.0909784226017
167 1503 0.041612099794 0 0.128039073796 0.00168843899367 1.59072215275 4.6215878116 1.62383096726 0.271469779956 0.094375947008 0.0908906658649
168 1512 0.0386396959097 0 0.127794776729 0.00158733975604 1.5900763038 4.62187657801 1.62402655258 0.277458945655 0.0943554153731 0.0904917340484
169 1521 0.0395898516503 0 0.127786580941 0.00147728178088 1.59095629877 4.62340529135 1.62456822286 0.255938267382 0.0934394754209 0.0898484862124
170 1530 0.0403593114414 0 0.128084835969 0.0016680021472 1.58840908661 4.61582278193 1.62315827898 0.261529738727 0.0938791709281 0.0915898062029
171 1539 0.0410908240312 0 0.128004165357 0.00164354428323 1.58489390207 4.60684863681 1.62246428051 0.231013889186 0.0930399650431 0.091550457392
172 1548 0.0427906910835 0 0.128181794099 0.00148135923851 1.58722999255 4.61179307624 1.62298306071 0.235349713591 0.0921818726574 0.0909184831322
173 1557 0.0451710855967 0 0.127726281731 0.00130765411745 1.59002351959 4.62195157083 1.6239082957 0.200160074121 0.0906828845448 0.0885822710722
174 1566 0.0433805561992 0 0.127899254755 0.00128506323627 1.58938324452 4.6187044838 1.6239370166 0.238094804907 0.0916127156512 0.0894371004145
175 1575 0.0388919139123 0 0.128051467456 0.00161345789622 1.58943275848 4.61825604301 1.62356694488 0.277491212774 0.0933937167798 0.0908089409581
176 1584 0.0346687547127 0 0.128070768517 0.00147073439494 1.59482833182 4.63401909826 1.62408024997 0.258906101362 0.0933443715764 0.089365093909
177 1593 0.0346233619847 0 0.127788445643 0.0014971970542 1.59004792534 4.62187823308 1.62467430846 0.275898560279 0.0937545586139 0.0905266149286
178 1602 0.0331729023043 0 0.127901816673 0.00150104386395 1.59346815032 4.6318600475 1.6254236659 0.300039248946 0.0942640915121 0.0896498012791
179 1611 0.0345192523221 0 0.127913396542 0.00149010567137 1.5913918958 4.62448975149 1.624189886 0.281125997327 0.0943733364603 0.0907854652288
180 1620 0.0310035132134 0 0.127716843427 0.00149638674637 1.58841612569 4.61689774231 1.62502834796 0.261769647402 0.0936735636479 0.0898816956543
181 1629 0.0274677948109 0 0.127840949505 0.00167804087484 1.5899597142 4.62175193521 1.62421287786 0.281052012357 0.0946234088961 0.0903740918052
182 1638 0.0236101299554 0 0.127730812709 0.00150311783628 1.5901825225 4.62235418381 1.62504490147 0.278702126463 0.0940530306847 0.0901339152817
183 1647 0.0223606551469 0 0.127713269977 0.00156098921491 1.5871406352 4.61331429234 1.62463109259 0.268662870028 0.093794669134 0.0906208934311
184 1656 0.0226954924661 0 0.127705225128 0.00138354118395 1.58881732176 4.61826814421 1.6234205793 0.239269122372 0.0925509687704 0.0904078185262
185 1665 0.0206986056017 0 0.127688102212 0.0015173245518 1.58953230466 4.62011742649 1.62398072693 0.252671402702 0.093297638469 0.0900716127634
186 1674 0.0224908252513 0 0.127666992076 0.00139285335915 1.58922175985 4.61946635536 1.62395150586 0.261768355229 0.0930490710416 0.0902563207023
187 1683 0.0232625260241 0 0.12764317122 0.0013476227337 1.5896000217 4.6209101749 1.62362197924 0.237216560808 0.0923914693721 0.089770215181
188 1692 0.0211168460301 0 0.127623274645 0.00136787482937 1.58786390806 4.61579817743 1.62417634749 0.237815539433 0.092304782315 0.0899873780628
189 1701 0.021968472317 0 0.127777557464 0.00126886727867 1.58815378312 4.61612682758 1.62425788339 0.238631091589 0.0919906477223 0.0898965030384
190 1710 0.0211792610156 0 0.127682058161 0.00137384702343 1.58794105754 4.61595196182 1.62416096809 0.267005303495 0.0929688785133 0.090561700141
191 1719 0.0202065023197 0 0.127605387481 0.00132201433284 1.58758343412 4.6149925835 1.62377270185 0.24758750747 0.0927789182481 0.0903652741616
192 1728 0.0213675396385 0 0.127650485853 0.00131815270731 1.58809409958 4.61621820039 1.62441314322 0.247357246162 0.0923803460653 0.089575119276
193 1737 0.0204918152169 0 0.127691887922 0.00141439244303 1.58959243444 4.62047734059 1.62439905108 0.268905166717 0.093259585766 0.0899980418193
194 1746 0.0191142940382 0 0.127593436839 0.00144657939324 1.58744909201 4.61461680635 1.62444932821 0.259116881193 0.0931427567559 0.0901410516772
195 1755 0.0188777771674 0 0.127612039828 0.00137270555292 1.58581057444 4.60969102674 1.62385325843 0.241380368263 0.0926263651642 0.0903708938029
196 1764 0.0185345435285 0 0.127649718048 0.00132698409526 1.58567311974 4.60942634072 1.62385251537 0.231142209689 0.092307026599 0.0903615366915
197 1773 0.016732979183 0 0.127585597405 0.00126830282041 1.58850959716 4.61769223114 1.6241160815 0.240050904411 0.0923376792599 0.0898546384233
198 1782 0.0155013758195 0 0.12758443319 0.00143214371207 1.5862440365 4.61114805791 1.62409620414 0.245159544472 0.092883570889 0.0904036269757
199 1791 0.0156394640323 0 0.127610229479 0.00147081775016 1.5874384069 4.61452403007 1.62403392787 0.250253245204 0.0930356642618 0.0904595232719
200 1800 0.017409847943 0 0.127607876555 0.0014889091164 1.58735898244 4.61440122824 1.62394671904 0.250117123585 0.0930551968649 0.0905567179054
201 1809 0.0171257781656 0 0.127624822367 0.00144389595182 1.5879235973 4.61570339901 1.62422388626 0.245858516502 0.0928506001883 0.0898441155311
202 1818 0.0180783189308 0 0.127570427085 0.00140196345933 1.58765851651 4.61515757785 1.62410119127 0.228654488498 0.0922367746071 0.0896839472675
203 1827 0.0157710441653 0 0.127580889571 0.00140298192381 1.58733039008 4.6142301824 1.62415672408 0.230299689777 0.092253534158 0.0898225493803
204 1836 0.0146930923421 0 0.127597180855 0.00144251599214 1.58725567014 4.61372546336 1.62408764464 0.240749187259 0.0930233075348 0.0901955872456
205 1845 0.0133886968051 0 0.127578512602 0.00146004321497 1.58705408517 4.6133216941 1.62427980214 0.244066656564 0.0929593869062 0.0901072792467
206 1854 0.0136398205395 0 0.127537299831 0.00152435808539 1.58700005908 4.61336674834 1.62414766044 0.243703897709 0.0932063612603 0.0902623822578
207 1863 0.0144829017968 0 0.127516716669 0.00149107480091 1.58608224792 4.61069974935 1.62414064428 0.225660720978 0.0926765800083 0.0898850445431
208 1872 0.0151623971561 0 0.127561826047 0.00140939310398 1.58685958701 4.61281625016 1.62432532691 0.239256388256 0.0928709311115 0.0898713313899
209 1881 0.0140829352867 0 0.127556139654 0.0014763143482 1.58590321613 4.61002726732 1.62393547467 0.224403983579 0.0925347709508 0.0900167776688
210 1890 0.0121946656615 0 0.127544249073 0.00144024504625 1.58695405782 4.61320533578 1.62421697853 0.233123687602 0.0926307312969 0.0899209329372
211 1899 0.0111684185875 0 0.127535762674 0.00143756605881 1.58727965501 4.61412104274 1.62439868546 0.234042074424 0.092870936116 0.0897599922036
212 1908 0.00899658273573 0 0.127540100981 0.0014583982623 1.58703877786 4.61340904143 1.62432740646 0.235773486734 0.0929059189688 0.0899509381635
213 1917 0.00861936708132 0 0.127534666467 0.00140713688423 1.58686546892 4.61295623144 1.6243829481 0.229423720465 0.0926104963025 0.0897054738124
214 1926 0.00851162463785 0 0.127530917577 0.00147176864664 1.58681387524 4.61276176692 1.62442593319 0.23259092915 0.0929935642365 0.0897584494946
215 1935 0.00786119389022 0 0.127530501675 0.00144146469717 1.58654606237 4.61199453809 1.62437665185 0.228556270435 0.092714381179 0.0897515769596
216 1944 0.00764698942095 0 0.127520886521 0.00144777594129 1.58636899304 4.61151036541 1.62428021586 0.22882754744 0.0927699555615 0.0898332842944
217 1953 0.00641485253642 0 0.127526948108 0.001460211762 1.58692029885 4.61306383427 1.62436064533 0.22916010228 0.0928324682032 0.0897689376616
218 1962 0.00624371538145 0 0.127523716019 0.00148040182983 1.58596727359 4.61029328931 1.62432841669 0.226882735364 0.0927917244488 0.0898142065722
219 1971 0.00607298088022 0 0.127509117931 0.00147077475006 1.58580973707 4.60991165528 1.62424828841 0.227148208203 0.0928357143698 0.0899080381584
220 1980 0.0066338212098 0 0.127516195906 0.00146422989646 1.58582147295 4.60988292995 1.62408211671 0.223886081109 0.0928146068111 0.089941571129
221 1989 0.00663521833993 0 0.127509116644 0.00148166975193 1.58574939343 4.60969270192 1.62434688328 0.221971400071 0.0928400144189 0.0897226049594
222 1998 0.00676356022152 0 0.127505119113 0.00150068664245 1.586125509 4.61080146566 1.62425565408 0.227153576072 0.0929886905134 0.089910902066
223 2007 0.00612464106894 0 0.127513599567 0.00150038685913 1.58587807048 4.61004761316 1.6242211776 0.22903791909 0.093013551139 0.0900349538526
224 2016 0.00572699286917 0 0.127509958454 0.00150736964222 1.58618048024 4.61097207212 1.62417622139 0.231092130085 0.0930477121264 0.0900557372652
225 2025 0.00566976873273 0 0.127507960742 0.00149887637056 1.58559615953 4.60926668321 1.62411786694 0.226929792257 0.0929708463517 0.0900994226721
226 2034 0.00542832975401 0 0.127505214066 0.00148150594693 1.58551209378 4.60902430842 1.62427521265 0.225110179267 0.092892839088 0.0899250432926
227 2043 0.00534193069082 0 0.127506277765 0.00148480648557 1.5857579168 4.60972667176 1.62425809473 0.228503585879 0.0930392729068 0.0900101896793
228 2052 0.00561115891328 0 0.12750443099 0.00150153643197 1.58561768453 4.60929147093 1.6242843159 0.227182268106 0.0930930328545 0.0899920942619
229 2061 0.0050316769282 0 0.127499509526 0.00148494968759 1.58558899297 4.60926480137 1.62424234226 0.22489269295 0.0929331698176 0.0899271077813
230 2070 0.00488509060574 0 0.127499683817 0.00150131967082 1.58532173247 4.60843779886 1.62417062259 0.224555832967 0.0930674023342 0.0900303628462
231 2079 0.00498486462259 0 0.127489015941 0.001511235577 1.58513707245 4.60794428066 1.62427917731 0.223264317363 0.0930841613093 0.0899566144222
232 2088 0.00610396936946 0 0.12748540329 0.00153253313843 1.58500592288 4.60754396656 1.62435747107 0.22153817775 0.0931696528424 0.0899090010578
233 2097 0.00724283464578 0 0.127482330505 0.00153434488133 1.58421916214 4.6052529254 1.62420142205 0.217416412953 0.0930533204189 0.0900353839176
234 2106 0.00758821736728 0 0.127482653301 0.00151930365157 1.58440726942 4.60580593458 1.62422817901 0.22042074455 0.0931547992411 0.0900978279608
235 2115 0.00765024513833 0 0.127478510989 0.00153146666861 1.58440919858 4.60583197862 1.62417896579 0.217946336235 0.0930675893627 0.090038069543
236 2124 0.00701495942293 0 0.127483840446 0.00153730993896 1.58437050228 4.60567367819 1.62414131335 0.217105264466 0.0930798969953 0.0900665640272
237 2133 0.00757452978733 0 0.127477289624 0.00155279577949 1.58386416824 4.60425320386 1.62398590537 0.214793077772 0.0931421701805 0.0902446681766
238 2142 0.00850998681216 0 0.127475270725 0.00154908759068 1.58342564344 4.6029321886 1.6239450345 0.213541817117 0.0932607668227 0.0902847374622
239 2151 0.00960929033984 0 0.127473388792 0.00155904223621 1.58226431196 4.5995827046 1.62380219217 0.20880467498 0.0934210523887 0.0905370681587
240 2160 0.00962056044111 0 0.12746568854 0.00157625313982 1.58313283866 4.60204490646 1.62404960264 0.21562182116 0.0935154861404 0.0903232942558
241 2169 0.0099265164494 0 0.127464147731 0.00162826623479 1.58361794937 4.60346368066 1.62425224174 0.219383418101 0.0936430865605 0.0901899122224
242 2178 0.00992460037736 0 0.127448661867 0.00161665290307 1.58305961215 4.60189715064 1.62414649328 0.215973490084 0.0936012493178 0.0903146642379
243 2187 0.0117923229037 0 0.127423807037 0.00166127159987 1.58191165567 4.59856307754 1.62399775898 0.205451838765 0.0938204295099 0.0904614373077
244 2196 0.0142114946491 0 0.127407742182 0.00163915256224 1.58081070059 4.59534589484 1.62409913608 0.196199478264 0.093769803892 0.0903012834438
245 2205 0.0151563505047 0 0.127414016986 0.00163259434559 1.58280516509 4.60116904211 1.62418590333 0.204218986853 0.0938331680535 0.0901615628351
246 2214 0.0167085815331 0 0.127408311833 0.00164049686768 1.58153774604 4.59743383207 1.62393652728 0.200234031765 0.0942183894779 0.0904988497153
247 2223 0.0167043872982 0 0.127415765372 0.0016380810395 1.58261044995 4.60061075091 1.62441805138 0.204150505408 0.09386847842 0.0900142060691
248 2232 0.0154250941155 0 0.12741238959 0.00165788813653 1.58197183449 4.59872046932 1.62424149272 0.200706197785 0.0937770718086 0.0901950082289
249 2241 0.0162473134279 0 0.127407676675 0.00172993436425 1.58143537564 4.59714796317 1.62419161584 0.197578018348 0.0938952032362 0.0903201250297
250 2250 0.0175894806974 0 0.127390837699 0.0017474245999 1.5813430856 4.59680716009 1.62423488562 0.190389763832 0.0941603348416 0.0902369843689
251 2259 0.0175531464298 0 0.127378591261 0.00176247414916 1.58044018191 4.59429855646 1.62429268831 0.186454725831 0.0941116253817 0.0902515247367
252 2268 0.0187679321292 0 0.127382220965 0.00177761296219 1.58111482794 4.59618336405 1.62418941085 0.18338578231 0.0940906603312 0.0900950170283
253 2277 0.0221487493706 0 0.127363511875 0.0019403167124 1.57967260136 4.59200609201 1.62411474024 0.1779997862 0.0943772208753 0.0903702414396
254 2286 0.0246360129944 0 0.127339579349 0.00201586491903 1.5789333635 4.58991932722 1.62417583408 0.176634618716 0.0949550972798 0.0906272112442
255 2295 0.0236885860496 0 0.127343958601 0.00190094120837 1.57744878651 4.58555123312 1.62397819504 0.166071072243 0.0949220931217 0.0906521024141
256 2304 0.0247759872331 0 0.127318444801 0.00196706470476 1.57738538288 4.58533209759 1.62454942634 0.176625163077 0.0957228516306 0.0905246185835
257 2313 0.0255090511276 0 0.127325388087 0.00211805807972 1.5784825201 4.58844922443 1.62454951903 0.165745803775 0.0959407370827 0.0903155357388
258 2322 0.0266740865227 0 0.127296729573 0.00215766447091 1.57786840413 4.58663872573 1.62417464374 0.163740099358 0.0961577101833 0.0907277039211
259 2331 0.0261745500414 0 0.127271792521 0.00224355374646 1.57660410973 4.58307454931 1.62429434593 0.156022160827 0.0964315896748 0.0906806159995
260 2340 0.0247952365209 0 0.127265270716 0.00224342780031 1.57535740203 4.57952237592 1.62438279128 0.153299438191 0.0964958044981 0.0908247987658
261 2349 0.0227084550254 0 0.127279462919 0.00208961955318 1.5762407377 4.58206095646 1.62420562636 0.157072208915 0.0959790278139 0.0907433277038
262 2358 0.0236469013453 0 0.127271295277 0.0021807483928 1.57618408252 4.58181624585 1.62408605266 0.152318342428 0.096581061818 0.0908786344724
263 2367 0.0227177623567 0 0.127271910147 0.00224461827279 1.57680268278 4.58362332513 1.62440157296 0.153740843259 0.0969381453649 0.0906927257805
264 2376 0.0231717167547 0 0.127252974455 0.0023948690825 1.57453409727 4.57701474886 1.6244199605 0.147803662924 0.0975404898971 0.091019073981
265 2385 0.0266625794238 0 0.127248337228 0.00242399982661 1.57400783086 4.5755825014 1.62398780754 0.133820349724 0.0977069507164 0.0912464381628
266 2394 0.0275007524898 0 0.127244888234 0.00232980873117 1.57613679815 4.58172810347 1.62405047542 0.150350257777 0.09759776629 0.0912024185527
267 2403 0.0306575800177 0 0.127242798868 0.00269047638782 1.57349521685 4.57409722791 1.62406335381 0.139303346706 0.0985671008538 0.0916902876188
268 2412 0.0316695444786 0 0.12725223866 0.00259168426785 1.57334845155 4.57357467604 1.62404741501 0.134892556102 0.0983056600892 0.0914790590492
269 2421 0.0313041060303 0 0.127244976863 0.00261305228568 1.5760711238 4.58154828051 1.62431870118 0.143022148514 0.0979537600226 0.0909879997109
270 2430 0.0314500211872 0 0.127252406616 0.00265934192694 1.57483429504 4.57789442572 1.62440634126 0.14858316011 0.0982846357023 0.0914298014704
271 2439 0.028208829926 0 0.127232565812 0.0027997453285 1.573338513 4.57360777529 1.62417476238 0.140740320076 0.098927470152 0.0916881594148
272 2448 0.0287760925716 0 0.1272384609 0.00276942218106 1.57427218117 4.57631737674 1.62435575017 0.141439355504 0.0988161343937 0.0913509664851
273 2457 0.0269761502477 0 0.127245296005 0.00292288819215 1.57260938986 4.57147905213 1.62401295282 0.135995685714 0.0994561971403 0.091907383201
274 2466 0.023921049539 0 0.127236263409 0.00277171835932 1.57370363694 4.57471213467 1.62440630002 0.134607473258 0.0988909286301 0.0912990757547
275 2475 0.0202749278441 0 0.127238326622 0.00282817846031 1.57374202413 4.57480113637 1.62439961028 0.144023787847 0.0989830284678 0.0914247086754
276 2484 0.0186959124393 0 0.127233349279 0.00284335798388 1.57280652107 4.57207995846 1.62439676563 0.14001370948 0.0991852239442 0.0916268898671
277 2493 0.0197327880284 0 0.127229007584 0.00268597371735 1.57357610463 4.57434343076 1.62418493184 0.144273409552 0.0988330443161 0.0917373934711
278 2502 0.0201344141771 0 0.127221009666 0.00260165894942 1.57357033933 4.57432644599 1.62422836756 0.147154369254 0.0986260208512 0.0915699826503
279 2511 0.0217944895978 0 0.127232544596 0.00258606250786 1.57371306502 4.57468412065 1.62427266859 0.148513510631 0.0990566816127 0.0916760622617
280 2520 0.0196089200184 0 0.127233981239 0.00246866986253 1.57547108754 4.57980021922 1.62423339607 0.152407993656 0.0979906438059 0.0912855172441
281 2529 0.0183442206503 0 0.127229400802 0.00261611383841 1.57465151635 4.57742295742 1.62414892598 0.146967248928 0.0984115939508 0.0915123181461
282 2538 0.0160186630129 0 0.127231287706 0.00265030791785 1.57424948417 4.57623955196 1.62425585088 0.151252772992 0.0986360466511 0.0916463943194
283 2547 0.0148692610867 0 0.127226601108 0.00268439650656 1.57424240008 4.57624262792 1.62424746517 0.149033991077 0.0986451613297 0.0916006398588
284 2556 0.0150561149069 0 0.127227396897 0.00262512850589 1.57406201196 4.57575980133 1.62420600369 0.140505286826 0.0982069073902 0.0913767193105
285 2565 0.0132911204661 0 0.127229058564 0.00263377900246 1.57365354464 4.57456670668 1.62415768275 0.139159338013 0.0984174325274 0.0914929451758
286 2574 0.013435057719 0 0.127223646355 0.00259218337334 1.57448161216 4.57696945863 1.62439146583 0.152429387896 0.0984467729359 0.0914390558873
287 2583 0.013328763329 0 0.127223431153 0.00262045466414 1.57392486634 4.57534867934 1.62435189568 0.147442583794 0.09874107985 0.091552151654
288 2592 0.0121651689276 0 0.127223940786 0.00258423131658 1.57407741961 4.57578261519 1.62430712989 0.146811181751 0.0986092245597 0.0915098177232
289 2601 0.0129115220513 0 0.127223161484 0.00244176203337 1.5751301099 4.57885597876 1.62434539096 0.153972658951 0.0983228809959 0.0914071733661
290 2610 0.0144575536337 0 0.127224827478 0.00250820500628 1.57532937563 4.57944250484 1.62444140309 0.153996919507 0.0983119982053 0.0913360696415
291 2619 0.0138530182124 0 0.12722459747 0.0024884332949 1.57444815183 4.57687833534 1.62437799198 0.149689101662 0.0984207570581 0.091459015745
292 2628 0.0129519627301 0 0.127223870236 0.00252824755739 1.57469341402 4.5775947334 1.62440617212 0.151360407376 0.0987003767913 0.0914550444881
293 2637 0.0121322786258 0 0.127223702319 0.00254658382437 1.57384571021 4.57512348515 1.62426203849 0.146738159023 0.0985076204127 0.0915554317521
294 2646 0.0112461919401 0 0.127221877422 0.0025153682525 1.57403481126 4.57567003426 1.6242867026 0.147666948993 0.0986985401082 0.0915712814074
295 2655 0.0103212219748 0 0.127221852875 0.00249699679663 1.57395344459 4.57543864416 1.62418058167 0.147698096315 0.0986272992451 0.0916260224775
296 2664 0.00928006167794 0 0.12722134534 0.00255151965303 1.57393126194 4.57537900045 1.62425623542 0.146389709114 0.0989151679832 0.091661970985
297 2673 0.00854126971261 0 0.127222547729 0.00252868782595 1.57441411426 4.57676862572 1.62426677867 0.149672707125 0.0987705794566 0.0916237849315
298 2682 0.00778250873531 0 0.127222839293 0.00252236418897 1.57417381192 4.57606717087 1.62426048042 0.151140732155 0.0986693774518 0.0916230239536
299 2691 0.00777645888426 0 0.12722171168 0.00254395488514 1.57409907301 4.57586286684 1.62428686115 0.147867412833 0.0989678571773 0.0916490836688
300 2700 0.00749192352602 0 0.12722104069 0.00255814943526 1.57416919109 4.57607148324 1.6242647248 0.149406222943 0.0988647275715 0.0916246172455
301 2709 0.00696874464437 0 0.127220137238 0.00249378243806 1.57435071691 4.57659811932 1.62427935401 0.149415462032 0.098650488043 0.0915469588039
302 2718 0.00640893717836 0 0.12722038739 0.00250781724222 1.574294242 4.57643429337 1.62424366448 0.14773802917 0.098652488836 0.0915395681337
303 2727 0.0064467603991 0 0.127220015243 0.00248762806494 1.57419025861 4.57613370774 1.62425555237 0.147569954273 0.0985717568003 0.0915107569134
304 2736 0.00591476530835 0 0.127219909702 0.00250759015554 1.5743106993 4.57648333038 1.62426074353 0.148942471808 0.0986906557497 0.0915712077231
305 2745 0.00556859403663 0 0.127220353338 0.00242829365681 1.57442576682 4.57681826839 1.62428602449 0.150984348407 0.0985474325059 0.0915108172224
306 2754 0.00578282906925 0 0.127220151007 0.00248944421487 1.57396059598 4.57546490162 1.62426165824 0.148962726987 0.0987634594909 0.0916163501856
307 2763 0.00601800988315 0 0.127220425933 0.00246771068909 1.57394922219 4.57543179086 1.62421038172 0.147902216127 0.0986967697552 0.0916224361011
308 2772 0.00645601663693 0 0.127220197415 0.00246801738225 1.5737382441 4.57481947448 1.62422366536 0.147965960285 0.0987476836104 0.0916372702679
309 2781 0.00641737601362 0 0.127220995417 0.00249556681468 1.57368367039 4.57465536105 1.62426696845 0.146837191107 0.0987830571801 0.0916057135418
310 2790 0.00572387767042 0 0.127220424174 0.00247029926811 1.57391156376 4.57532187329 1.62422112722 0.147780418567 0.0986953052046 0.0915981348186
311 2799 0.00556416732224 0 0.127220550594 0.00247072725065 1.57396492538 4.57547471152 1.6242727961 0.148090325509 0.0985168414616 0.0915200381131
312 2808 0.00486935732332 0 0.127220083418 0.00245908058778 1.57392617993 4.5753648493 1.62424422273 0.147377721752 0.0986193955742 0.091557056897
313 2817 0.00446643619217 0 0.127219728913 0.00243964480465 1.57412418682 4.57594218934 1.62424327863 0.148623504334 0.0985743150041 0.0915506204358
314 2826 0.00413114326233 0 0.127220140972 0.00247630605933 1.57379480743 4.57498330885 1.62423712035 0.14779842191 0.0987142588273 0.0916178453102
315 2835 0.00376408373705 0 0.127219966479 0.00245511189472 1.57385645695 4.57516263906 1.62424251428 0.147934704438 0.0985759488429 0.0915567829258
316 2844 0.00358998128324 0 0.127219865289 0.00246526674462 1.57398489471 4.57553737409 1.62424118502 0.148559459373 0.0985878305303 0.091551782071
317 2853 0.00316868626795 0 0.12722016956 0.0024611693058 1.57394990212 4.57543288743 1.62423776072 0.14851923038 0.0986450812219 0.0915888034893
318 2862 0.00278828737432 0 0.127219853576 0.00246554092234 1.57384128994 4.57511965039 1.62423701285 0.147633665298 0.0986204218583 0.0915696909034
319 2871 0.00267549985239 0 0.127219883774 0.00248146134499 1.57400643336 4.57559850236 1.62425365681 0.148723996736 0.0986233206319 0.0915719815797
320 2880 0.0025702293726 0 0.127219912576 0.00247223072295 1.57406697697 4.57577502174 1.6242360232 0.148399470806 0.0985606419151 0.0915519316008
321 2889 0.00258978301017 0 0.127219787227 0.00248993514824 1.574036931 4.57568814645 1.62424709168 0.148292465484 0.0986038473823 0.0915566506
322 2898 0.00270263057076 0 0.127219726034 0.0024751510586 1.57415318485 4.57602658367 1.62424908997 0.149259966334 0.098535354119 0.0915376435606
323 2907 0.00311547557389 0 0.127219695438 0.00250452343884 1.57403367257 4.57567899226 1.62426761081 0.149270473019 0.0986527580502 0.0915744833155
324 2916 0.00332054336684 0 0.127219770513 0.00249164898667 1.57408661438 4.57583264 1.62425443195 0.150107153315 0.0985983649061 0.0915735042262
325 2925 0.00335042240833 0 0.127219671419 0.00250824848524 1.57414485905 4.57600220935 1.62426993373 0.15000999303 0.0985879794231 0.0915583781058
326 2934 0.00334964337109 0 0.127219770561 0.00250381041489 1.57409693481 4.57586292369 1.62428370322 0.150390733084 0.0985521889214 0.0915389797719
327 2943 0.00291285804201 0 0.127219748457 0.00250062070343 1.57400548665 4.57559664563 1.62425317694 0.148973969445 0.0986206170562 0.0915721286639
328 2952 0.00288136531546 0 0.127219880073 0.00249466254558 1.57427102965 4.57636897444 1.62429255599 0.150386846255 0.0985172911681 0.0915098115474
329 2961 0.00293731195136 0 0.127219939086 0.00250336056613 1.57432041537 4.5765125288 1.62428478069 0.14999381127 0.0985542570387 0.0915124284665
330 2970 0.0027707023453 0 0.127219817565 0.0024890340288 1.57427264163 4.57637393465 1.62427900743 0.150164378939 0.0985142042915 0.0915119018858
331 2979 0.00311959781001 0 0.127219865026 0.00247273649009 1.57424444039 4.57629187105 1.62423759944 0.149364872608 0.0984676984062 0.0915202857485
332 2988 0.0030861732565 0 0.127219805136 0.00252376555931 1.57410951281 4.5758993843 1.6242738432 0.147827765108 0.0985841673954 0.0915230899939
333 2997 0.00344758329476 0 0.127219828409 0.00249870494802 1.57440034341 4.57674504619 1.62427914155 0.149527119707 0.0985405362647 0.0915033427173
334 3006 0.0033181468362 0 0.127219719854 0.0024992974982 1.5742798549 4.57639437187 1.62427581528 0.149291501171 0.0985722056093 0.091531050917
335 3015 0.00315959348717 0 0.127219619239 0.00250348828485 1.5742616401 4.57634196355 1.62426024929 0.149162947896 0.0986026312935 0.0915535610095
336 3024 0.00270887083395 0 0.127219737634 0.00249060179703 1.57408985828 4.57584210934 1.62424840182 0.149102033852 0.0985664581007 0.0915590708352
337 3033 0.00268817242975 0 0.127219762412 0.00248313068898 1.5741565071 4.57603590246 1.62424219664 0.148778707424 0.0985692585713 0.0915546834224
338 3042 0.0022918907155 0 0.12721976042 0.00250818250515 1.57418657725 4.57612300151 1.62426582061 0.148503573504 0.0986025057606 0.0915419013019
339 3051 0.0020652244246 0 0.127219684876 0.00251030030839 1.57409760702 4.57586505675 1.62425469204 0.148358315347 0.098600854208 0.0915560492838
340 3060 0.00185461761323 0 0.127219693155 0.00250749121996 1.5740902011 4.57584326676 1.62426259127 0.148762128252 0.0986027501985 0.0915584360207
341 3069 0.00191480678961 0 0.127219662998 0.00251506627953 1.57414408535 4.57600007318 1.62426976021 0.149287619543 0.0985679372368 0.0915465067692
342 3078 0.00194172175665 0 0.127219647479 0.00251531026458 1.57421927847 4.57621870806 1.62427015123 0.149557289016 0.0985705768835 0.091547031927
343 3087 0.00179205024999 0 0.127219700488 0.0025217419675 1.57415986836 4.57604591375 1.62427518723 0.14896524526 0.0985664812963 0.0915369922721
344 3096 0.00172673448186 0 0.127219637655 0.00251043522279 1.57427856435 4.5763911711 1.62427754149 0.149224337296 0.098581350499 0.0915335673126
345 3105 0.00158279151129 0 0.127219640131 0.00250640385638 1.57419588683 4.57615069412 1.62426789864 0.149400888911 0.0985703168061 0.0915444429328
346 3114 0.00149106580357 0 0.12721963865 0.00251121073097 1.57418913581 4.57613103923 1.62426869495 0.149317462512 0.0985950139369 0.0915517061149
347 3123 0.00137729079778 0 0.12721965191 0.00251332229981 1.57416096974 4.57604912445 1.624270827 0.149515549293 0.0985806699418 0.0915514509539
348 3132 0.0013613541279 0 0.127219662479 0.00249917533076 1.57422756259 4.5762426522 1.62426016257 0.149406630306 0.0985894330629 0.0915512439084
349 3141 0.00123196254456 0 0.127219640391 0.00251834290524 1.57427042136 4.57636749385 1.62428127599 0.149702134293 0.0985890127498 0.0915422811747
350 3150 0.00117425460773 0 0.127219621574 0.00251141910597 1.5742884981 4.57642004855 1.62427466907 0.149588346408 0.0985861388753 0.0915423989674
351 3159 0.00109877052618 0 0.127219620981 0.0025082485734 1.57427853252 4.57639106106 1.62427071727 0.149612825704 0.0985760520825 0.0915427793832
352 3168 0.00103400996541 0 0.127219622579 0.00250955802755 1.57427437525 4.57637893007 1.62426928509 0.149508977049 0.0986009366736 0.0915517593762
353 3177 0.00104042959709 0 0.127219629177 0.00250637954593 1.57419967647 4.5761618364 1.62425740474 0.149079035458 0.0986026979824 0.0915593280801
354 3186 0.000975943903604 0 0.12721962555 0.00250524548725 1.57423312656 4.57625907467 1.62426049615 0.149112229846 0.0985799951848 0.0915473867454
355 3195 0.000849083466244 0 0.127219616671 0.0025068105688 1.57420845398 4.57618734357 1.62426406743 0.149310474583 0.0985902945804 0.0915521260807
356 3204 0.000840533323942 0 0.127219626869 0.00251112066707 1.57420697802 4.57618299605 1.62426963632 0.14921623544 0.098598841274 0.0915488947811
357 3213 0.000842368371667 0 0.127219621216 0.00251092313235 1.5742290227 4.57624713283 1.62427089537 0.149235802105 0.0986061739444 0.0915485690275
358 3222 0.000833295800972 0 0.12721962221 0.00251385701767 1.57420987058 4.57619142738 1.6242660126 0.149161374636 0.098604944856 0.0915527399341
359 3231 0.000778397547141 0 0.127219620071 0.00251370673468 1.57422537606 4.57623653224 1.62426654475 0.149180758747 0.098601316307 0.0915524461446
360 3240 0.00078036225373 0 0.127219618255 0.00251720853031 1.57420399281 4.57617437263 1.62426820591 0.149393133223 0.0986085991921 0.0915581475055
361 3249 0.000796697357084 0 0.127219613929 0.00251071793754 1.57424111688 4.57628230693 1.62426596767 0.149546499086 0.0986039274102 0.0915567061185
362 3258 0.000802443029548 0 0.127219620763 0.0025063288406 1.57427611765 4.57638403214 1.62426844194 0.149656781871 0.0986040307799 0.09155346552
363 3267 0.000798086599054 0 0.127219617228 0.002509615529 1.57425877555 4.57633364222 1.6242673546 0.149680348551 0.0986095433281 0.0915596823273
364 3276 0.000702076889703 0 0.127219614563 0.00251359473163 1.57424325503 4.57628852582 1.62426824472 0.149438285526 0.0986135563818 0.0915574174248
365 3285 0.000691168195391 0 0.127219619536 0.00251168233516 1.57424171097 4.57628402406 1.62426584886 0.149418784615 0.0985912834802 0.0915529943076
366 3294 0.000718931685129 0 0.127219618762 0.00250937091202 1.57423299913 4.57625870138 1.62426739504 0.149375676811 0.0985941614075 0.0915525903262
367 3303 0.000678302794646 0 0.127219620623 0.00251262168173 1.57424432256 4.57629162443 1.62426495925 0.149418071611 0.0985974785763 0.0915562121121
368 3312 0.000610484392974 0 0.127219625305 0.00251004777947 1.57423940136 4.5762772707 1.62426468543 0.149450149313 0.0985958740722 0.0915559757743
369 3321 0.000540512540757 0 0.127219613949 0.00251035588076 1.57426903942 4.57636348575 1.62426606763 0.149407352749 0.09858885493 0.0915494023214
370 3330 0.000546617265193 0 0.127219618063 0.00251144454929 1.57426831088 4.57636134284 1.62426695531 0.149409055429 0.0985897521492 0.091549338367
371 3339 0.000502882058746 0 0.127219618932 0.00250684949624 1.57424682068 4.57629888508 1.62426118724 0.149315346279 0.0985910154723 0.091553319382
372 3348 0.000444432740134 0 0.127219613024 0.00250837433196 1.57425881026 4.57633374939 1.6242657469 0.149437372921 0.0985905766976 0.0915509024369
373 3357 0.00043351166872 0 0.127219613633 0.00250735771733 1.57424490018 4.57629330296 1.62426550422 0.149458108129 0.0986013882486 0.0915553800446
374 3366 0.000393118128342 0 0.127219615112 0.00250779543476 1.57425644122 4.57632683908 1.62426601318 0.149415597309 0.0985946360242 0.0915510784036
375 3375 0.000388532299864 0 0.127219613134 0.00250918746301 1.57426975396 4.57636555304 1.62426706584 0.14951164498 0.0985997138642 0.0915527012002
376 3384 0.000395316243865 0 0.127219613776 0.0025106070789 1.57427124358 4.57636987912 1.62426731505 0.149507937384 0.0985985046523 0.091552180536
377 3393 0.00037317345302 0 0.127219612622 0.00251102777298 1.57427563169 4.57638264598 1.62426786561 0.149518577673 0.0985989872316 0.0915522748794
378 3402 0.0003415197867 0 0.127219612489 0.00250870701548 1.57427346359 4.57637634212 1.62426598507 0.149445822844 0.0985968447223 0.0915518556805
379 3411 0.000326045861548 0 0.127219612858 0.00250925039585 1.57428334121 4.5764050549 1.6242663863 0.149494388597 0.0985976058572 0.091552142482
380 3420 0.000297559087382 0 0.127219612166 0.00250961171855 1.57428095973 4.57639813518 1.62426699589 0.149504508409 0.098601457838 0.091552835725
381 3429 0.000278536102195 0 0.127219611909 0.00250850418046 1.57426732434 4.57635849935 1.62426546837 0.149437880212 0.0986017891276 0.0915538575564
382 3438 0.000274001103391 0 0.127219613267 0.00250735611394 1.57427394542 4.57637773667 1.62426561848 0.149445686093 0.0985992098799 0.0915526623024
383 3447 0.000279568844245 0 0.127219615496 0.00250816322602 1.57427135368 4.57637018587 1.624267307 0.149444898826 0.0985986238677 0.091551137503
384 3456 0.000267986040473 0 0.127219614318 0.00250910478661 1.57427053309 4.57636781196 1.62426800206 0.149508613873 0.0986017713744 0.0915528683328
385 3465 0.000236885398368 0 0.127219612727 0.00250934123731 1.57426065741 4.57633911843 1.62426586917 0.149458898516 0.0986023279451 0.0915550625375
386 3474 0.000235855141826 0 0.127219612615 0.00250704855887 1.57427507056 4.57638101409 1.62426510077 0.149502569696 0.0985983074326 0.0915532893452
387 3483 0.000226606754825 0 0.12721961317 0.00250783360121 1.57426509145 4.57635200808 1.62426488777 0.149461096996 0.0985989108969 0.0915545064212
388 3492 0.000222005539557 0 0.127219612736 0.00250803338901 1.574254035 4.57631986734 1.62426539798 0.149460496641 0.098601265702 0.0915553533309
389 3501 0.000210470658871 0 0.1272196129 0.00250928715334 1.57425849672 4.57633283619 1.62426616014 0.149457350844 0.0986022032446 0.0915549532825
390 3510 0.000204079609819 0 0.127219612354 0.00250825046032 1.574270167 4.57636676069 1.62426591132 0.149483199095 0.0986027417938 0.0915543022362
391 3519 0.000175124376002 0 0.127219612389 0.00250866812688 1.5742626908 4.57634502732 1.62426625921 0.14949263212 0.0986012310356 0.0915542986626
392 3528 0.000158697895173 0 0.127219612086 0.00250870314094 1.57427037176 4.57636735863 1.62426576961 0.14948509099 0.0986009918787 0.0915541322145
393 3537 0.000155787739505 0 0.127219611845 0.00250864671105 1.57426504184 4.57635186483 1.62426664297 0.14948285651 0.0986038021657 0.0915542870555
394 3546 0.000154571788306 0 0.127219611427 0.00250848418911 1.57427226779 4.57637287138 1.62426692821 0.149484131951 0.0986010827707 0.0915526340576
395 3555 0.000154250910949 0 0.127219612114 0.00250882828592 1.57427139414 4.57637033023 1.62426691434 0.149523970164 0.0986028412416 0.0915538716161
396 3564 0.000155363895475 0 0.127219611638 0.00250795704856 1.5742735834 4.57637669562 1.62426708108 0.14948759489 0.0986020297412 0.0915524873664
397 3573 0.000148903682128 0 0.127219611734 0.00250814110095 1.57427627726 4.57638452631 1.62426698055 0.149526559203 0.0985998424861 0.0915525179167
398 3582 0.000134834398457 0 0.12721961199 0.00250829424191 1.57427233924 4.57637307662 1.62426687793 0.149511335765 0.0986011375948 0.0915530601983
399 3591 0.000120012970752 0 0.127219611728 0.00250819627407 1.57427019835 4.57636685358 1.62426678578 0.149489397121 0.0986005822999 0.0915527539994
400 3600 0.000108318730574 0 0.127219611642 0.00250822848024 1.57427422318 4.57637855455 1.62426712879 0.149499477232 0.0986002983231 0.0915522628395
401 3609 8.9497364418e-05 0 0.127219611756 0.00250830272642 1.574272922 4.57637477267 1.62426699065 0.149520350058 0.0986009234521 0.0915529170113
402 3618 8.65198170175e-05 0 0.127219611877 0.00250870815608 1.57427498804 4.57638077812 1.62426729935 0.149528659747 0.0986006896481 0.0915528328236
403 3627 8.04761098693e-05 0 0.127219611719 0.00250831779728 1.57427299385 4.57637498096 1.62426664204 0.149501473657 0.0986010209764 0.0915531214634
404 3636 8.16918009146e-05 0 0.127219611698 0.00250892999864 1.57427191877 4.57637185631 1.62426714707 0.149502610701 0.0986018926068 0.091553182252
405 3645 6.92746804386e-05 0 0.12721961174 0.0025083990272 1.57427519424 4.57638137782 1.62426744497 0.149509774489 0.0986007258592 0.0915521351231
406 3654 6.94483645093e-05 0 0.12721961169 0.00250809167375 1.5742735599 4.57637662664 1.62426696832 0.149510374013 0.0986003670942 0.0915525737681
407 3663 6.84367881542e-05 0 0.12721961162 0.00250799380682 1.57427281605 4.57637446511 1.62426675044 0.149514821098 0.0986005128693 0.0915530236455
408 3672 6.92988155897e-05 0 0.127219611645 0.00250792080474 1.57427416027 4.57637837253 1.62426715868 0.149509133911 0.0986003935557 0.0915522141834
409 3681 6.53397167055e-05 0 0.127219611585 0.00250781955895 1.57427435086 4.57637892673 1.62426701726 0.149514887722 0.0985999274237 0.0915523911338
410 3690 6.20409525363e-05 0 0.127219611516 0.00250773574773 1.57427270733 4.57637414903 1.62426689595 0.149501122895 0.0986004099141 0.0915525084382
411 3699 6.63665094671e-05 0 0.127219611525 0.00250754843189 1.57427202176 4.57637215546 1.62426688074 0.149497953957 0.0985991239453 0.0915520513643
412 3708 6.71740748401e-05 0 0.127219611468 0.00250761147007 1.57427244165 4.57637337601 1.62426674048 0.14949077805 0.0985986221706 0.0915519047091
413 3717 6.23141729322e-05 0 0.127219611522 0.00250733417154 1.57427284723 4.57637455476 1.62426673943 0.149491254823 0.0985986112886 0.0915517948453
414 3726 6.34740511468e-05 0 0.127219611461 0.00250763325871 1.57427288722 4.57637467095 1.62426666526 0.149483025256 0.098598101707 0.0915517018884
415 3735 6.31602679123e-05 0 0.12721961135 0.00250738894267 1.57427394483 4.57637774657 1.62426683902 0.149489668915 0.0985980136859 0.0915513695026
416 3744 6.39140209171e-05 0 0.127219611391 0.00250726837094 1.5742731338 4.57637538827 1.62426673417 0.149484852189 0.098597201831 0.0915512318449
417 3753 6.23386567763e-05 0 0.127219611402 0.00250754967338 1.57427255176 4.57637369643 1.62426669419 0.149485961373 0.0985990196744 0.0915520314434
418 3762 5.46550801831e-05 0 0.127219611374 0.00250739164305 1.57427212811 4.57637246501 1.62426651457 0.149486706387 0.0985979502193 0.0915518926563
419 3771 4.97014518833e-05 0 0.127219611309 0.00250750035978 1.57427203345 4.57637219 1.62426658099 0.149477944459 0.0985981506958 0.0915518315644
420 3780 5.08792642638e-05 0 0.127219611242 0.00250735624846 1.57427178929 4.57637148033 1.62426659715 0.149467713327 0.0985978373699 0.0915514946916
421 3789 4.70571077032e-05 0 0.12721961128 0.00250727112527 1.57427174888 4.57637136294 1.62426661865 0.14948078839 0.0985977886553 0.0915515884136
422 3798 4.86823882685e-05 0 0.127219611257 0.00250726574624 1.57427085126 4.57636875353 1.62426647303 0.149468296361 0.0985980673043 0.0915517963925
423 3807 4.91853907429e-05 0 0.127219611245 0.0025071365707 1.5742704231 4.57636750881 1.624266421 0.149464529373 0.0985975434388 0.091551519585
424 3816 5.19982626929e-05 0 0.127219611242 0.00250708562537 1.57427029727 4.57636714313 1.62426647365 0.149469874745 0.0985971030384 0.0915513782671
425 3825 4.82941980447e-05 0 0.127219611222 0.00250701500916 1.57427010843 4.57636659423 1.62426645875 0.149466470518 0.0985972566665 0.0915513854834
426 3834 4.77113499371e-05 0 0.127219611219 0.00250704215482 1.57426917752 4.57636388787 1.62426643965 0.149454018723 0.0985973010275 0.0915513214755
427 3843 4.92390288466e-05 0 0.127219611221 0.00250699455349 1.57426910403 4.5763636744 1.62426647228 0.149462643742 0.0985974415602 0.0915513827056
428 3852 4.88101982984e-05 0 0.127219611207 0.00250702159077 1.57426969061 4.57636537952 1.62426651577 0.149455643799 0.0985974284049 0.0915512241747
429 3861 5.17584182047e-05 0 0.12721961123 0.00250706546896 1.57426936516 4.57636443334 1.62426652471 0.149457506268 0.0985976167722 0.0915512970963
430 3870 5.20034883293e-05 0 0.127219611228 0.00250751633911 1.5742690362 4.57636347727 1.62426667577 0.149466706045 0.0985984563772 0.0915517219975
431 3879 4.88767083226e-05 0 0.127219611243 0.00250715301043 1.57426953564 4.57636492912 1.62426669461 0.149468878435 0.0985979342974 0.0915514226192
432 3888 4.48841743628e-05 0 0.127219611232 0.00250713954175 1.57426862902 4.57636229345 1.62426662956 0.149461400951 0.0985978957101 0.0915514165429
433 3897 3.99129612946e-05 0 0.127219611211 0.00250725065189 1.5742690205 4.57636343163 1.62426652562 0.14946216205 0.0985978949845 0.0915515491794
434 3906 3.5979634788e-05 0 0.127219611213 0.00250719971752 1.57426830201 4.5763613429 1.62426661757 0.149458311063 0.0985978865647 0.0915514106537
435 3915 3.52935096284e-05 0 0.127219611194 0.00250737010076 1.57426829351 4.57636131833 1.62426666372 0.149456359944 0.0985985692746 0.0915516221711
436 3924 3.39576824023e-05 0 0.12721961121 0.00250716943041 1.57426785127 4.57636003253 1.62426657614 0.149451267363 0.0985982051395 0.0915514596536
437 3933 3.38088170674e-05 0 0.127219611189 0.00250713686628 1.57426802075 4.57636052535 1.62426648611 0.14945229729 0.0985977432709 0.0915514766848
438 3942 3.60491609153e-05 0 0.127219611178 0.00250732171964 1.5742678 4.5763598837 1.62426660934 0.149450166793 0.0985985408638 0.0915516284358
439 3951 3.63541757605e-05 0 0.127219611189 0.00250724419596 1.57426859628 4.57636219843 1.62426650951 0.149452363646 0.0985980392992 0.0915515727948
440 3960 3.62973773262e-05 0 0.127219611159 0.00250719430105 1.57426716051 4.57635802473 1.62426654785 0.149444208804 0.0985982683465 0.0915515177792
441 3969 3.47169294063e-05 0 0.127219611172 0.00250724873715 1.57426720392 4.57635815087 1.62426664064 0.1494450676 0.0985985429925 0.0915515337812
442 3978 3.36646906272e-05 0 0.127219611177 0.00250728254907 1.57426748978 4.57635898186 1.62426661763 0.149448342102 0.0985983955756 0.0915515491214
443 3987 3.0797188034e-05 0 0.127219611181 0.00250730079775 1.57426750364 4.5763590221 1.62426661007 0.149446191578 0.0985982405782 0.0915515271937
444 3996 2.86927321752e-05 0 0.127219611176 0.00250729506912 1.57426789173 4.57636015032 1.62426665319 0.149448360215 0.098598375359 0.0915515149845
445 4005 2.54625219687e-05 0 0.127219611169 0.00250724535256 1.57426755837 4.57635918125 1.62426660389 0.149444064151 0.0985982889923 0.0915514840703
446 4014 2.54166215931e-05 0 0.127219611166 0.00250726193815 1.57426746881 4.57635892095 1.62426656982 0.14944558275 0.0985985534534 0.0915516298491
447 4023 2.56432685152e-05 0 0.127219611158 0.00250714923884 1.57426711121 4.57635788138 1.62426659332 0.149440673198 0.0985983034802 0.0915514325205
448 4032 2.46445124502e-05 0 0.127219611174 0.00250707761443 1.57426790392 4.57636018572 1.62426657013 0.149445535835 0.0985979312312 0.0915513278404
449 4041 2.40128601648e-05 0 0.127219611162 0.00250717759849 1.57426744623 4.5763588553 1.62426657136 0.149444451942 0.0985984690845 0.0915515546369
450 4050 2.24669647734e-05 0 0.127219611158 0.00250711364475 1.57426804193 4.57636058699 1.62426658895 0.149444190671 0.0985978947344 0.0915513081408
451 4059 2.47597021193e-05 0 0.127219611158 0.00250701795761 1.57426798739 4.57636042847 1.624266545 0.149444915578 0.0985977193323 0.0915512844061
452 4068 2.93854218243e-05 0 0.127219611163 0.00250700032263 1.57426841699 4.57636167727 1.6242665006 0.149442025184 0.0985973289066 0.0915511763901
453 4077 3.0945045789e-05 0 0.127219611165 0.002507173949 1.57426825465 4.57636120532 1.62426663502 0.149443655043 0.0985978849192 0.0915513002673
454 4086 2.52280902971e-05 0 0.12721961116 0.00250718515431 1.57426792178 4.57636023771 1.62426661752 0.149444308248 0.098598068814 0.0915513644131
455 4095 2.48151394359e-05 0 0.127219611158 0.00250705867838 1.57426789213 4.57636015152 1.62426659285 0.149439653412 0.098597472809 0.0915511385148
456 4104 2.62348306864e-05 0 0.127219611153 0.00250708362207 1.57426698538 4.57635751561 1.62426658389 0.149439865149 0.0985979912249 0.0915513249146
457 4113 2.82874182193e-05 0 0.127219611155 0.00250714495554 1.57426706563 4.57635774892 1.6242665946 0.149434954961 0.0985979433664 0.0915513148669
458 4122 3.70855876643e-05 0 0.127219611151 0.00250713320554 1.57426561998 4.5763535464 1.62426666324 0.149425007432 0.0985982993499 0.09155126541
459 4131 4.18296686686e-05 0 0.127219611147 0.0025070969647 1.57426616202 4.57635512211 1.62426663729 0.149425040081 0.0985978997919 0.0915510921931
460 4140 4.54482006349e-05 0 0.127219611167 0.00250743354334 1.57426473304 4.57635096807 1.62426668206 0.14942369259 0.0985991891527 0.0915516041632
461 4149 3.89004493543e-05 0 0.127219611156 0.00250725728152 1.57426629114 4.57635549745 1.62426660775 0.149429839471 0.098598534309 0.091551457981
462 4158 3.44967606113e-05 0 0.127219611151 0.00250714060627 1.57426745037 4.57635886734 1.62426658973 0.149436970378 0.0985977117364 0.0915511954293
463 4167 3.23318916803e-05 0 0.127219611149 0.00250706182344 1.5742675014 4.57635901568 1.62426659899 0.149437486581 0.0985978443219 0.0915511967977
464 4176 3.09066312178e-05 0 0.127219611146 0.00250701804248 1.57426732182 4.57635849365 1.6242665669 0.149432709891 0.0985975196981 0.0915510659747
465 4185 2.95803150881e-05 0 0.127219611147 0.00250704660531 1.5742667002 4.5763566866 1.62426662558 0.149430507769 0.0985977705542 0.0915510722501
466 4194 2.6245920344e-05 0 0.127219611145 0.00250703826567 1.57426667845 4.5763566234 1.62426661107 0.149432466469 0.0985978869101 0.0915511561248
467 4203 2.99128895528e-05 0 0.127219611148 0.00250698393025 1.57426651535 4.57635614926 1.62426662939 0.149427794164 0.0985974119574 0.0915509616358
468 4212 2.98803260605e-05 0 0.127219611144 0.0025071639978 1.57426613548 4.57635504499 1.62426666502 0.149429132034 0.0985981423332 0.0915512089607
469 4221 2.8699733449e-05 0 0.12721961115 0.00250712971668 1.57426548802 4.57635316281 1.62426666562 0.149427841421 0.0985983132348 0.0915512741617
470 4230 2.79237073606e-05 0 0.127219611147 0.00250715563059 1.57426534703 4.57635275297 1.62426668332 0.149421201903 0.0985983067578 0.0915512008416
471 4239 2.85599053629e-05 0 0.127219611149 0.00250713491348 1.57426508535 4.57635199225 1.62426671397 0.149424480364 0.0985983544601 0.0915512259052
472 4248 2.71916083737e-05 0 0.12721961115 0.00250730153745 1.57426435823 4.57634987857 1.62426671874 0.149422666148 0.0985988185816 0.0915514236751
473 4257 2.5867407762e-05 0 0.127219611149 0.0025071496041 1.57426521864 4.57635237975 1.6242667194 0.149423621502 0.0985981283825 0.0915511291035
474 4266 2.52660154786e-05 0 0.127219611147 0.00250709650111 1.57426647925 4.57635604432 1.62426668817 0.149431293033 0.0985979324036 0.0915511244652
475 4275 2.34126520346e-05 0 0.127219611146 0.00250722941586 1.57426552866 4.57635328098 1.62426670072 0.149425379361 0.0985983063208 0.0915512307302
476 4284 1.98624760559e-05 0 0.127219611147 0.00250721936728 1.57426615077 4.57635508942 1.62426671315 0.149428630074 0.0985983476508 0.0915512355397
477 4293 1.73378025935e-05 0 0.127219611148 0.00250720820314 1.57426573332 4.57635387591 1.62426670955 0.149426742356 0.098598322336 0.0915512251763
478 4302 1.79300412528e-05 0 0.127219611147 0.00250721250406 1.57426577227 4.57635398915 1.62426665541 0.149426973775 0.0985982139741 0.091551256475
479 4311 1.74526847096e-05 0 0.127219611145 0.00250720684381 1.57426535781 4.57635278433 1.6242666693 0.149424550386 0.0985983753697 0.0915512793734
480 4320 1.97631118439e-05 0 0.127219611142 0.0025071049719 1.57426641323 4.5763558524 1.62426663068 0.149429264085 0.0985979116756 0.0915511306101
481 4329 1.85786079082e-05 0 0.127219611144 0.00250714268757 1.57426579724 4.57635406173 1.62426663274 0.149425011152 0.0985979817916 0.091551142108
482 4338 2.10845007337e-05 0 0.127219611144 0.00250723781456 1.57426500044 4.57635174547 1.62426664001 0.14942301426 0.0985984784424 0.0915513219352
483 4347 2.3870881437e-05 0 0.127219611143 0.00250721249698 1.57426488581 4.57635141223 1.62426658067 0.149421966631 0.0985984504391 0.0915513526405
484 4356 2.15856305447e-05 0 0.127219611144 0.00250716605089 1.5742647559 4.5763510346 1.62426661934 0.149420081725 0.0985983047973 0.0915512556365
485 4365 2.21467913871e-05 0 0.127219611145 0.00250712797064 1.5742649877 4.57635170841 1.62426657317 0.149423225413 0.0985981625687 0.091551245182
486 4374 1.99192858926e-05 0 0.127219611144 0.00250714111836 1.57426498346 4.57635169609 1.62426659173 0.14942041615 0.0985981430733 0.0915512079931
487 4383 1.87489214188e-05 0 0.127219611146 0.00250713744826 1.57426509197 4.57635201152 1.62426660068 0.149423107282 0.0985981261838 0.0915512146407
488 4392 1.81809087042e-05 0 0.127219611144 0.00250717195333 1.57426507561 4.57635196395 1.62426662068 0.149424196898 0.0985982758086 0.0915512688685
489 4401 1.87507693438e-05 0 0.127219611141 0.00250711948298 1.57426537565 4.5763528362 1.62426661253 0.149426255527 0.0985981112507 0.0915512202759
490 4410 2.13727799848e-05 0 0.127219611142 0.00250710964464 1.57426540047 4.57635290834 1.62426658753 0.149427848221 0.0985980198961 0.0915512288475
491 4419 2.04857112632e-05 0 0.127219611143 0.00250715760313 1.57426502484 4.57635181638 1.62426659818 0.149423068324 0.0985983566379 0.0915513210439
492 4428 1.89667104537e-05 0 0.127219611142 0.00250712776733 1.57426547441 4.5763531233 1.62426663229 0.149424795314 0.0985981872363 0.0915512202716
493 4437 1.77871103632e-05 0 0.127219611142 0.00250712627512 1.57426553065 4.57635328678 1.62426661257 0.149427065276 0.0985982266748 0.0915512699818
494 4446 1.78517030877e-05 0 0.127219611142 0.00250711983513 1.57426496205 4.57635163385 1.62426664021 0.14942525471 0.0985982396869 0.091551261125
495 4455 1.76335686466e-05 0 0.127219611143 0.00250718576198 1.57426501341 4.57635178315 1.6242665945 0.149425379165 0.0985982965584 0.0915513142746
496 4464 1.66933571455e-05 0 0.127219611141 0.00250711995184 1.57426468967 4.57635084206 1.6242665598 0.149423155382 0.0985982143525 0.0915512940058
497 4473 1.65864036569e-05 0 0.127219611142 0.00250710881793 1.57426544945 4.57635305071 1.62426656488 0.149425030813 0.098598035179 0.091551217648
498 4482 1.68074292511e-05 0 0.12721961114 0.00250709721999 1.57426511791 4.57635208694 1.62426655025 0.149425682407 0.0985980367283 0.091551243439
499 4491 1.77787924881e-05 0 0.127219611142 0.00250713416512 1.57426492053 4.57635151315 1.62426654338 0.149424592635 0.098598179482 0.0915512976666
500 4500 1.87516586614e-05 0 0.127219611141 0.00250711993669 1.57426544738 4.57635304471 1.62426650393 0.149427031352 0.098597983016 0.091551268975
