% # columns=["iteration, evaluation, sigma, void, void,  stds==sigma*sqrt(diag(C))", seed=305655, Mon Feb 22 19:32:43 2016
0 0 0.5 0 0 0.5 0.500003571441 0.500007142908 0.500010714401 0.500014285918 0.500017857462 0.500021429031
1 9 0.476887706289 0 0 0.474801105522 0.465008310986 0.476923720299 0.481355574135 0.462282561067 0.477008150279 0.465052852272
2 18 0.505613161153 0 0 0.521849270629 0.478488517033 0.515804908006 0.506013489035 0.485526001107 0.512334528542 0.514423536515
3 27 0.450020115745 0 0 0.453786527546 0.407745646172 0.464571064872 0.44006477881 0.432884694591 0.452316417106 0.447926097758
4 36 0.419008007342 0 0 0.411213870264 0.379804921767 0.416025783507 0.403633012105 0.408670381847 0.434784220231 0.41914299384
5 45 0.401161611712 0 0 0.374244845201 0.355996552081 0.398004640089 0.37679496081 0.387650356734 0.439044408927 0.397530668611
6 54 0.356578033028 0 0 0.32747059203 0.303401083219 0.355320677561 0.328168936421 0.340181135746 0.394215176196 0.342042414622
7 63 0.345382188897 0 0 0.308962528516 0.280374077626 0.338901368875 0.332315983959 0.327148525126 0.37882427732 0.327956227014
8 72 0.327064612113 0 0 0.286746319723 0.253500009765 0.332640926498 0.314195450864 0.30376698119 0.353828601082 0.296712282694
9 81 0.333182135231 0 0 0.283182714909 0.245795450565 0.348710649333 0.320159729645 0.301650406574 0.366105283066 0.295906843487
10 90 0.313920110413 0 0 0.261928177256 0.224012837516 0.331659574653 0.300236055506 0.285251443493 0.343667783543 0.258559941797
11 99 0.319260597542 0 0 0.27420415231 0.220420311581 0.328497043228 0.304692093288 0.282512692224 0.391666899382 0.262156727619
12 108 0.303188205677 0 0 0.268238140893 0.205896287073 0.318333721877 0.283953166369 0.284654870597 0.372337282024 0.238432379943
13 117 0.290313109555 0 0 0.261517755753 0.189485241094 0.305921235947 0.268364288389 0.271303451932 0.36089329682 0.222719337408
14 126 0.287334526679 0 0 0.25797832893 0.174639031017 0.29616550681 0.265165178884 0.287854659417 0.344202741991 0.218705820902
15 135 0.273298672391 0 0 0.243595619357 0.156173698585 0.277673018364 0.245655574842 0.280595680588 0.325065998164 0.203345138685
16 144 0.255484314886 0 0 0.221394656446 0.138956859504 0.25697402122 0.22307737823 0.262592836893 0.303323282419 0.192954748666
17 153 0.281838029702 0 0 0.247413128402 0.144650996033 0.283871134509 0.269770695621 0.289373208635 0.328347371499 0.230403326522
18 162 0.279961494464 0 0 0.236687359593 0.135648952088 0.296868044501 0.265122931152 0.278759592132 0.321426244913 0.234186105884
19 171 0.276003397254 0 0 0.239075650921 0.125523499303 0.285268494034 0.254781627645 0.274012120561 0.314003356527 0.231889442995
20 180 0.237723195748 0 0 0.204387493578 0.103793485204 0.240017204251 0.214671759996 0.234510220859 0.271086837126 0.19729616571
21 189 0.239121312111 0 0 0.200305072521 0.0997204726577 0.253002143589 0.217798255607 0.231060795765 0.266801379774 0.194947107288
22 198 0.218143968738 0 0 0.180649441516 0.0884914512781 0.226421428724 0.192435363924 0.206561815853 0.238189266059 0.181230576686
23 207 0.188954448466 0 0 0.154665487685 0.073802165553 0.191118829355 0.163408649766 0.176710301709 0.203499982266 0.155761205213
24 216 0.176536950221 0 0 0.147333956356 0.0677765588322 0.1768886811 0.152212333783 0.164510590478 0.183546324316 0.13898982186
25 225 0.168119521507 0 0 0.13768738258 0.0622754988824 0.167642367933 0.142040719379 0.156821153573 0.172526733632 0.129080960408
26 234 0.147983122471 0 0 0.118962644988 0.0524447292122 0.14674931513 0.119524476098 0.136898671341 0.150065106811 0.113051231197
27 243 0.130706085733 0 0 0.106821408636 0.0447950440701 0.12437109192 0.102298850601 0.123969467429 0.133103257296 0.0989749098909
28 252 0.120892631834 0 0 0.0986508840627 0.0399637959876 0.113086831485 0.0927064883661 0.113816242723 0.12010912552 0.0932429842537
29 261 0.126414823828 0 0 0.101006754757 0.0407066718343 0.118729363935 0.0924925254156 0.124347939144 0.125993980719 0.0960317095637
30 270 0.119743502585 0 0 0.0953831001718 0.0367925129147 0.111261426974 0.0847787206511 0.119879663424 0.117933816815 0.0894214282518
31 279 0.118343353781 0 0 0.0916231402032 0.0343351909978 0.115667283322 0.0826711852361 0.11768757555 0.115280946344 0.0901593101167
32 288 0.105999658461 0 0 0.0814625601932 0.0296091540481 0.105743024985 0.0713140148461 0.103369243263 0.103842129169 0.0791571373532
33 297 0.0948997764703 0 0 0.0720248533255 0.0261853247916 0.0926170062328 0.0631941819046 0.0922119768444 0.0932694047083 0.0678298504017
34 306 0.0858637290166 0 0 0.0645636596806 0.0230623833816 0.0833840595097 0.056105812925 0.0822335369191 0.0833637495387 0.0596470227527
35 315 0.0836354681737 0 0 0.0632348203718 0.0219271775726 0.0797004457997 0.0524647186045 0.0807553026997 0.082310931822 0.0577219848314
36 324 0.0824195576176 0 0 0.0627625303035 0.0207813630478 0.0830245668626 0.0504188382028 0.0776720211322 0.0808031424098 0.0571991966
37 333 0.086539354198 0 0 0.0648921130459 0.0218214987601 0.0917609084196 0.0503748602696 0.0847667949526 0.0885947262463 0.0595375029632
38 342 0.0838470146886 0 0 0.0616557790575 0.0205713166786 0.0910426094692 0.0474659557704 0.0833318262674 0.0837262892569 0.0577920492685
39 351 0.0869928948086 0 0 0.0646442962676 0.0209143780787 0.097818705142 0.0479947747496 0.0865926087325 0.0851523513685 0.0584409265876
40 360 0.0998435959006 0 0 0.0747148044337 0.0236019934659 0.13152882238 0.0534045194175 0.0982023362867 0.0958819353704 0.0659018571633
41 369 0.108930674812 0 0 0.0817177077893 0.0248281689031 0.151393966156 0.0576108423556 0.103926520727 0.10248500597 0.0707937419206
42 378 0.111146382989 0 0 0.0828595873548 0.0240394613419 0.158841537665 0.058288118531 0.107311511101 0.104023420308 0.0709620465009
43 387 0.0931685043226 0 0 0.0684196456102 0.0200153112497 0.131779935546 0.0467744685615 0.0891116277767 0.0841674371746 0.0577908706858
44 396 0.0878448605105 0 0 0.0657285365142 0.0181095123531 0.124196235693 0.0430368181309 0.084009644496 0.0801754216348 0.0526525479856
45 405 0.0805064702899 0 0 0.0598852121354 0.0164477629973 0.11482000731 0.0387718358841 0.0775745478309 0.0697047075204 0.0470629327237
46 414 0.0870759982217 0 0 0.0689468991346 0.0177440650801 0.134687987838 0.0435508777378 0.0825640116704 0.0733984752669 0.0501847282576
47 423 0.0878386352963 0 0 0.0711432320686 0.0177774457472 0.140591603006 0.043425062418 0.0825146004345 0.0714385628111 0.0512586417592
48 432 0.0844100780053 0 0 0.0694939540306 0.0162930376907 0.136426373281 0.0404634546209 0.077905196264 0.0708692514048 0.0481995697153
49 441 0.0783741538955 0 0 0.0626929225657 0.0147139638089 0.12776990373 0.0361971743857 0.0732006399188 0.0675741822732 0.0447332350402
50 450 0.0736265320309 0 0 0.061477603959 0.0135833403571 0.115650655457 0.0332089413357 0.0669951887061 0.0636993989705 0.0414358383372
51 459 0.0640130003835 0 0 0.0535446266149 0.0116379238953 0.0967105954223 0.0284559705679 0.0568537179043 0.0559101904525 0.0352793016483
52 468 0.0545384982844 0 0 0.0444838357366 0.00965264457514 0.0795008759979 0.0237698981677 0.0473002799649 0.0463631057426 0.0295978568074
53 477 0.0497400503367 0 0 0.0390739417954 0.00847872868937 0.07380536292 0.0215802837423 0.0427314270763 0.0417379783187 0.0264083725101
54 486 0.0483605740594 0 0 0.0385503173625 0.00819116742269 0.0726300806636 0.0209580358704 0.0432761801445 0.0416572709976 0.026175934127
55 495 0.0453795913942 0 0 0.0356812530124 0.00799117197289 0.0663059698324 0.0193445041861 0.0397562877342 0.0385255025874 0.0242315348025
56 504 0.0475754846436 0 0 0.0382975188562 0.00811961010588 0.0672898196224 0.0198302262184 0.0413667851873 0.0424681547184 0.0247400353863
57 513 0.0479852273931 0 0 0.0379495788155 0.00806958805443 0.0666168038753 0.0197807989243 0.0418259575036 0.0420504803215 0.0249569449425
58 522 0.0459044434053 0 0 0.0355654547301 0.0075711484917 0.0633447975843 0.0191184963393 0.0400834000449 0.0398349086749 0.0239794232443
59 531 0.0446483826972 0 0 0.0357604347793 0.00719291378208 0.0608281247302 0.018418448215 0.0380510271458 0.0393382410619 0.0225084429457
60 540 0.0455573449544 0 0 0.0364974712585 0.00757928306957 0.0627137333156 0.0182684594247 0.0381648853564 0.0411161128524 0.0225307843827
61 549 0.0428416257033 0 0 0.0343574251861 0.00693202297795 0.0581102192341 0.0169264211243 0.0353907846468 0.0382803361766 0.0209500250842
62 558 0.0454813640801 0 0 0.0364587457648 0.00777443382506 0.0654983465923 0.0174327738697 0.0370340240304 0.0424775545886 0.0231826752552
63 567 0.0433540375571 0 0 0.0361519760932 0.00711904132956 0.0621023874184 0.0166904555907 0.0345805847646 0.0416402196235 0.0224376854187
64 576 0.0406087802728 0 0 0.0339522065066 0.00687750413954 0.0597764944023 0.0154621662592 0.0322754947542 0.0386665122756 0.0210457176269
65 585 0.0389633523722 0 0 0.0327584686996 0.0065455385738 0.0564229636966 0.0146884675957 0.0310402111386 0.0367302749776 0.0198082755651
66 594 0.0426484943391 0 0 0.0352501011187 0.00726724551909 0.060843244706 0.0156918383789 0.035438980036 0.0388132811349 0.0228962278324
67 603 0.0435571660289 0 0 0.0381148911678 0.0073413971194 0.0614919289683 0.015685542082 0.0353769698832 0.0392294031469 0.0229656400647
68 612 0.0423039355488 0 0 0.0362723096101 0.00697188483116 0.0576390217395 0.0150188488462 0.0339630729688 0.0372551565565 0.0227610478659
69 621 0.0408230535804 0 0 0.0341176633953 0.00657915743049 0.0529803853478 0.0140439879124 0.0324069727012 0.0369676841212 0.0215403696319
70 630 0.038150367552 0 0 0.0312304234265 0.00606170384812 0.0489522531445 0.0127830702982 0.0310985325544 0.0344742744764 0.0199558336236
71 639 0.0336347605606 0 0 0.0270573492416 0.00525906330258 0.0424651852845 0.0111568342695 0.0267656127259 0.0299243590414 0.0172786364051
72 648 0.0302885779879 0 0 0.0239336769352 0.00479539172468 0.0372450763538 0.0100020763491 0.0239606829491 0.0262229863005 0.0156274820131
73 657 0.0302857837753 0 0 0.0264414329348 0.00494233065745 0.0390333329103 0.00982318461854 0.0243376669004 0.0272857442488 0.0168583126624
74 666 0.0301416919331 0 0 0.0262896620455 0.00481940477022 0.038594396815 0.00949821892971 0.0241741125975 0.0268501663135 0.0166089660776
75 675 0.0328704426112 0 0 0.0290074341887 0.00522254948745 0.0420076691565 0.0100212063476 0.0272812195351 0.031216180244 0.0183783753573
76 684 0.0355613797593 0 0 0.0317679938698 0.00556863408957 0.0444610340129 0.0107189113374 0.0295050201815 0.0364721526617 0.0199697298881
77 693 0.0320838997852 0 0 0.0283361160632 0.00489990928191 0.0387358140432 0.00951771950634 0.0263189269786 0.0328301174971 0.0182083566765
78 702 0.0315866482261 0 0 0.027426234577 0.00478406166655 0.0365415598847 0.00910315664176 0.0252356425198 0.0331985987953 0.0181219734381
79 711 0.0326655071509 0 0 0.0293991602513 0.00496690663793 0.0374369051147 0.00915136786258 0.0256799237814 0.0369063899838 0.0189261563037
80 720 0.0280353388759 0 0 0.0254379353021 0.00419163560606 0.0317610531771 0.00775124613262 0.021296162351 0.0314762701593 0.0162065633009
81 729 0.0282391992481 0 0 0.0263467625839 0.00421933424654 0.0314263440746 0.00828591419821 0.021493690486 0.0319987487478 0.0159590815475
82 738 0.0280574931215 0 0 0.026250985092 0.00410615797514 0.0299030681181 0.00830957601848 0.0215995068051 0.0314596729091 0.0155229190388
83 747 0.0276455315508 0 0 0.0263130245905 0.00396251593802 0.0286835888713 0.00810293862764 0.0214198738684 0.0314408896 0.0154048069387
84 756 0.0286702233826 0 0 0.0277027244324 0.00394603053901 0.0284764325429 0.00824619510866 0.0220372921639 0.0322192315529 0.0153907822875
85 765 0.0273064764915 0 0 0.0257655086528 0.003720776071 0.0265820374291 0.00755090707986 0.0219109846504 0.0300129309537 0.014499990426
86 774 0.0234446134318 0 0 0.0222037983075 0.00315915070688 0.0219802024069 0.00634042744679 0.0182831753919 0.0259118244842 0.012253660436
87 783 0.0217427489738 0 0 0.0201249531639 0.00294399051912 0.0201991636512 0.005740732677 0.0176055038062 0.0237790232478 0.011625908529
88 792 0.0215735908208 0 0 0.02094165039 0.00299211993326 0.0201648640526 0.00547614891938 0.0171492902206 0.0263125399789 0.0121940102625
89 801 0.0214392106144 0 0 0.0202581495308 0.00291473660705 0.0197606394512 0.00533428972677 0.0168518252144 0.0263546770715 0.0119720616995
90 810 0.0208465258498 0 0 0.0188249126651 0.0028736065451 0.0190277566507 0.0052424439445 0.0161497064754 0.0249374261686 0.0114849671307
91 819 0.0212780939674 0 0 0.0189003763851 0.0030000995332 0.0194156712096 0.00532906232888 0.0163469588997 0.0260366613334 0.0122663395657
92 828 0.0215468776026 0 0 0.0190849311853 0.00306067215233 0.0197139629056 0.00517398788234 0.0170371234844 0.0261453820205 0.0121559105285
93 837 0.0242280462125 0 0 0.021538691246 0.00339732504002 0.0217489159116 0.00577019761047 0.0214662645806 0.0289108962875 0.0136491297581
94 846 0.0262764121415 0 0 0.0235614964942 0.003653774388 0.0231527890146 0.00636416739813 0.0253153323514 0.0319749058815 0.0145884967353
95 855 0.0322877605651 0 0 0.0288922064106 0.00449536866541 0.0281806982317 0.00785744915015 0.0329274842002 0.0393996827963 0.0178993973468
96 864 0.0351417096243 0 0 0.0318423992264 0.00486598095906 0.0306179800647 0.00823237192918 0.0356532881169 0.0430700660462 0.0195767845846
97 873 0.0417523576775 0 0 0.0382766750882 0.00569465884217 0.0355232101265 0.00938954841921 0.0473842824721 0.0515490073592 0.0229468546764
98 882 0.0425646919061 0 0 0.0383079754144 0.00586300094372 0.0360404717897 0.00939534817186 0.0486570964868 0.0517549046836 0.0237976082489
99 891 0.0410214053555 0 0 0.0361994658112 0.00561077967123 0.0342772618635 0.00885103861531 0.0474384232817 0.0481412263858 0.0233482483245
100 900 0.0426193966732 0 0 0.0366809129965 0.00588679277212 0.036154966454 0.00993364663691 0.0486537181772 0.0486262796297 0.0238529726696
101 909 0.0468210084285 0 0 0.0437449885036 0.00685647384889 0.0407227071246 0.0106857736936 0.0558632296273 0.0624231466805 0.0291864900843
102 918 0.0458428654603 0 0 0.0416395169646 0.00662444177924 0.0396712490531 0.0104395196526 0.0559974626438 0.0597562590491 0.0286738703507
103 927 0.04228033722 0 0 0.0381269441385 0.00606322846731 0.0362494314156 0.00968649773722 0.0530095674282 0.0544264242599 0.0261185955935
104 936 0.0411947354946 0 0 0.0368347052822 0.00565923197268 0.0333950265073 0.00895078930229 0.0532105680849 0.0525559763202 0.0245216910736
105 945 0.0420085802001 0 0 0.039158647653 0.00611633813603 0.0361701919849 0.00883811747794 0.0547126459594 0.0573680988282 0.0264039139467
106 954 0.0377468330705 0 0 0.0345378594041 0.00544376199061 0.0319685436099 0.00783856272037 0.0486657001035 0.0510548040996 0.0233647141797
107 963 0.0363144882362 0 0 0.0337034701666 0.00512710333187 0.0298986678215 0.00755514874655 0.0462614491681 0.050700806831 0.0221510624979
108 972 0.0346096522394 0 0 0.0328010781732 0.00481743094688 0.027781239139 0.0069222400598 0.042838407865 0.0497580475879 0.0213376654032
109 981 0.0368445808538 0 0 0.0394040999386 0.00536481748648 0.0310105336105 0.0073925327488 0.0458132453114 0.0586553042601 0.0234286493256
110 990 0.041402703975 0 0 0.0501029585745 0.0063674938009 0.0372469260263 0.00815898641824 0.0531786361125 0.0735133439524 0.0273021901676
111 999 0.0372853776817 0 0 0.045017933432 0.0056662607669 0.0332760821247 0.00711708098983 0.0471987020594 0.0662455175625 0.0243997406295
112 1008 0.0385645342166 0 0 0.0483812326632 0.00587577949122 0.033992421881 0.00722311248516 0.0507730659347 0.0711031960138 0.0260071499703
113 1017 0.0404808987922 0 0 0.0532670786275 0.00655113869948 0.0378780259955 0.00737296482579 0.0540427343869 0.075933522466 0.0295888359334
114 1026 0.0364837506576 0 0 0.0472990002688 0.00576162854582 0.0331840073287 0.00667485946099 0.0477354746392 0.0663472682897 0.026166356591
115 1035 0.0337502120265 0 0 0.044318138971 0.00531609549909 0.030579327296 0.00608087149232 0.0430607132216 0.0625466743751 0.0238911133256
116 1044 0.0330750380483 0 0 0.0438857238772 0.00515651633533 0.02976693373 0.00578409944832 0.0404581253373 0.0615052287061 0.0228211717109
117 1053 0.0338133127292 0 0 0.0455502539855 0.00513076267944 0.0295570879206 0.00593130644472 0.0402840732699 0.0636811002748 0.0236014184746
118 1062 0.0370228999594 0 0 0.0508344933178 0.00545002498531 0.031163670575 0.00627891102274 0.0475308977471 0.0720730084083 0.0256602271778
119 1071 0.0369858600717 0 0 0.0490927518899 0.00524033804667 0.0296685073595 0.00628874373578 0.0466193664946 0.0696124557895 0.0252687529796
120 1080 0.039655538454 0 0 0.0502234063835 0.00565629671294 0.0321879972813 0.00659592820136 0.0488954537651 0.0696042921902 0.0269519411709
121 1089 0.0379003941686 0 0 0.0472036077662 0.00520386574978 0.0292838455086 0.00613622977883 0.0473429400038 0.0656865193297 0.0252684532229
122 1098 0.0375035746559 0 0 0.0465258123748 0.00514363766894 0.0287952328258 0.00600861197056 0.046918226679 0.064612906495 0.0248932117511
123 1107 0.0371656545499 0 0 0.045333500602 0.00499168592666 0.0279272568255 0.00583060912077 0.0465292607578 0.0640282523673 0.0239542084805
124 1116 0.0359483765245 0 0 0.0433222775615 0.00469118026882 0.026394031321 0.00551156853597 0.0434865922653 0.0613184680519 0.0224925359561
125 1125 0.0378841269863 0 0 0.0486057391108 0.00493993359778 0.0278291376685 0.00562125501094 0.0482859395735 0.0670935519561 0.0235647080137
126 1134 0.0441148610607 0 0 0.0556999989203 0.00590732672562 0.0332270489096 0.00634384880159 0.0578349694898 0.0781456843574 0.0282045580818
127 1143 0.0458385141127 0 0 0.0570430611273 0.00643106653346 0.0363262089595 0.00649626016657 0.0595598161788 0.0796745713691 0.0306077098882
128 1152 0.049519332815 0 0 0.061190826726 0.00712141428613 0.0398171721055 0.00689079560278 0.0674554797787 0.0854459061802 0.0330574299702
129 1161 0.0541960785774 0 0 0.0676338592933 0.00789396183304 0.0441844420132 0.0070476468873 0.0816708793259 0.0948834311108 0.0356707400046
130 1170 0.0562505197794 0 0 0.0677438106513 0.00808747717517 0.0457291024614 0.007209314858 0.0887035406474 0.0951415742931 0.0360008895756
131 1179 0.0595743551049 0 0 0.0699279953334 0.00866158292458 0.0486328579308 0.00751723589246 0.0951340066774 0.0999336436334 0.0372606674515
132 1188 0.0699556694986 0 0 0.0931910963288 0.0103716854831 0.0583894937645 0.00856156458525 0.128866336065 0.134618727128 0.0439140409032
133 1197 0.077969057464 0 0 0.104853542518 0.0113889257193 0.0642691077194 0.00930391363165 0.149323985282 0.160006305398 0.0478145766304
134 1206 0.0873071810713 0 0 0.126049597817 0.0130187494836 0.0726506578666 0.0104782544543 0.176275472411 0.192453913545 0.0532561896944
135 1215 0.100255182562 0 0 0.144162339387 0.0148124196172 0.0827911276887 0.0119966812628 0.199394319403 0.218565388997 0.0602003223789
136 1224 0.119371732452 0 0 0.177296517342 0.0173829345617 0.0968546404472 0.0137731806822 0.25590140269 0.279746222523 0.0711393619325
137 1233 0.144832956251 0 0 0.212484376681 0.0208086362663 0.116731536857 0.0159607244566 0.31853137229 0.343594089521 0.0850717954422
138 1242 0.168983535192 0 0 0.254768751952 0.0233500805945 0.132395187428 0.0186874555078 0.365629031503 0.398452562092 0.0960173183631
139 1251 0.175023328309 0 0 0.253664293674 0.0232065974981 0.131371007685 0.0186414842962 0.371421115045 0.39984739413 0.0940856136976
140 1260 0.160346399899 0 0 0.225636942839 0.0208375699839 0.117710700332 0.0167084092561 0.336450517628 0.3602222131 0.0842778189216
141 1269 0.132376864456 0 0 0.184344118681 0.0166626979447 0.0940260033645 0.0134650343382 0.268505236034 0.291212806676 0.0672977113226
142 1278 0.118959839402 0 0 0.165059209264 0.0142380735569 0.0803758944159 0.0119052828831 0.241922571291 0.258883536564 0.0575790634403
143 1287 0.126247969753 0 0 0.178580887567 0.0145211048096 0.0815600287889 0.0130503280777 0.256541386219 0.274655554604 0.0576639843026
144 1296 0.130607306054 0 0 0.177313816188 0.0145161669464 0.0801612484713 0.013758810881 0.255444348521 0.271419098838 0.057212650813
145 1305 0.120406648832 0 0 0.158962755051 0.0125692154125 0.0692799468696 0.0125293557222 0.228398687735 0.242589606801 0.0496161293439
146 1314 0.10296210111 0 0 0.129158401677 0.0106008764998 0.0583079986941 0.010585726545 0.189792186789 0.19873930756 0.0418898785103
147 1323 0.0983354681661 0 0 0.123021172196 0.00991442528723 0.054241672227 0.0100010663555 0.18480694927 0.188509492126 0.0388566416568
148 1332 0.102815440807 0 0 0.133411152504 0.0098845878617 0.0545158450521 0.0108024592722 0.207178490488 0.210139914133 0.0391628822636
149 1341 0.099061669376 0 0 0.130745418591 0.00925985202257 0.0513607696089 0.0101272602284 0.207096190276 0.202287173287 0.036881658169
150 1350 0.0931636456655 0 0 0.122077392975 0.00855273023027 0.0469824567393 0.00952239826317 0.190721640611 0.188115952113 0.0335519554303
151 1359 0.0836074271107 0 0 0.108409773636 0.0075740559107 0.0417102783615 0.00873338898329 0.16726501695 0.165109988257 0.0299982950536
152 1368 0.0748111918384 0 0 0.094706447706 0.00664099061539 0.0367541726505 0.00769760955275 0.147935174746 0.146864878292 0.0265242659506
153 1377 0.0684371896114 0 0 0.0854973693494 0.00585535692985 0.0324593855494 0.00687624929462 0.134071239085 0.133558828328 0.022913032977
154 1386 0.0633995080062 0 0 0.0769224657821 0.00535499463727 0.0294182650665 0.00631464200249 0.127078338439 0.124581241155 0.0211203623657
155 1395 0.0582551569403 0 0 0.0672472168891 0.00481376915967 0.0263449360825 0.00601292416229 0.11286849933 0.108308169734 0.0190260092331
156 1404 0.056703795173 0 0 0.0663277944462 0.00441820696952 0.0241965220693 0.00588088951552 0.108481391898 0.104473909261 0.0178675557866
157 1413 0.056183267614 0 0 0.0679493653442 0.00437898259266 0.0241732267932 0.00574685413319 0.110245344798 0.109900581244 0.0177613577454
158 1422 0.0518127879634 0 0 0.0602784496081 0.00392045001089 0.0217137750572 0.00518517816884 0.100059485637 0.0981378799514 0.0160622222713
159 1431 0.0528135967712 0 0 0.0652850222642 0.00377453709742 0.0210172470414 0.00533528393107 0.113529850603 0.108481687518 0.0156306542095
160 1440 0.0538218010422 0 0 0.0661580452967 0.00377097023592 0.0211249523649 0.00527036985918 0.118894350612 0.11234813322 0.0154678851476
161 1449 0.0573874919507 0 0 0.0695692479223 0.00398832004505 0.022333671446 0.00530146109421 0.129571379565 0.121327925857 0.0157666795622
162 1458 0.0585775142633 0 0 0.0708690126974 0.00397763504113 0.0223146386675 0.00520578820177 0.131148876278 0.126249147345 0.015894864981
163 1467 0.0560432875753 0 0 0.069833210154 0.00371444917883 0.0208689243593 0.00502949847559 0.127899094862 0.121978236149 0.0148267876614
164 1476 0.0546018822523 0 0 0.0671770770851 0.00355114680326 0.0196352252063 0.00500095458217 0.123969848723 0.11800299909 0.0143257802658
165 1485 0.053937011263 0 0 0.0643666566664 0.00344325988392 0.0190467516785 0.00487026067463 0.118398164899 0.113895225528 0.0137412128243
166 1494 0.0460112917501 0 0 0.053261188072 0.0028715930096 0.0159713581051 0.00410501885589 0.099661756112 0.0947835378082 0.0114050767029
167 1503 0.041612099794 0 0 0.0477364165233 0.00242409206455 0.0135851411434 0.00364398970062 0.0907001270585 0.0859601052595 0.00979028894992
168 1512 0.0386396959097 0 0 0.0435847442432 0.00223655681807 0.0124851302567 0.00326186626598 0.0840983262107 0.0789071891307 0.00882975496532
169 1521 0.0395898516503 0 0 0.048455047546 0.00223219307409 0.012461008581 0.00329922103454 0.0954817928268 0.0884673865932 0.00866036763176
170 1530 0.0403593114414 0 0 0.0489959042036 0.0023229396955 0.0129345479116 0.00328660400347 0.0983754440382 0.0908460854693 0.00864670333279
171 1539 0.0410908240312 0 0 0.048492337716 0.00244910498553 0.0134982742618 0.00334324038682 0.0977183199717 0.0895657928994 0.00866105307095
172 1548 0.0427906910835 0 0 0.0494963462071 0.00249092215249 0.0137723588929 0.00345018129191 0.105372422206 0.0964287250251 0.00871996068567
173 1557 0.0451710855967 0 0 0.0522869239882 0.00251857206721 0.014015459825 0.00357940500393 0.110512644395 0.103917582316 0.00944483445203
174 1566 0.0433805561992 0 0 0.0496892562608 0.00243927171799 0.0135015841407 0.00336465326347 0.104075423448 0.0979791693716 0.00914987045945
175 1575 0.0388919139123 0 0 0.044231322533 0.00210868775934 0.0117378457873 0.00294656412724 0.0927324415794 0.0869016844204 0.00819477532168
176 1584 0.0346687547127 0 0 0.0384203268549 0.00186150168264 0.0104068922342 0.00255457399529 0.0782754935417 0.0751351291546 0.00732565336771
177 1593 0.0346233619847 0 0 0.038333311641 0.0018228119072 0.0101686730115 0.00250362245516 0.0804221076511 0.0764515092322 0.00729834319042
178 1602 0.0331729023043 0 0 0.035706247782 0.00166953630311 0.00937862068361 0.00243933104328 0.0773446851778 0.0721411943476 0.00690896038049
179 1611 0.0345192523221 0 0 0.0370199366413 0.00164609600044 0.00925673635911 0.00250173294522 0.0792070902079 0.0736116145185 0.00690322449779
180 1620 0.0310035132134 0 0 0.033545571302 0.00143558071622 0.00809652691698 0.00221871602027 0.0709072601981 0.0662200172098 0.00606077582178
181 1629 0.0274677948109 0 0 0.0295228835842 0.00125627762803 0.00706033377669 0.00192881965185 0.0615251509575 0.0570560324915 0.00523187268957
182 1638 0.0236101299554 0 0 0.0245444795601 0.00107093518487 0.00601658212125 0.00163622759843 0.0498974732469 0.0468486079545 0.00446856276114
183 1647 0.0223606551469 0 0 0.0231063470861 0.00106292857912 0.00596955052184 0.00152047020472 0.0474694394041 0.0442637118739 0.00418272592788
184 1656 0.0226954924661 0 0 0.0243923846348 0.00107525615173 0.00604551127558 0.00153539807921 0.0508619635876 0.0487137744614 0.00416195745616
185 1665 0.0206986056017 0 0 0.0219731587485 0.000957717307234 0.00540974573333 0.00138819202002 0.0458884040429 0.0436932935007 0.003697868014
186 1674 0.0224908252513 0 0 0.0249185415442 0.00101761126493 0.00574281658031 0.00149426075532 0.0492005089859 0.0473296883347 0.00394245041537
187 1683 0.0232625260241 0 0 0.0270357257232 0.00101431454491 0.00571995723101 0.00157907284797 0.0530997864782 0.0511245695191 0.00398804526997
188 1692 0.0211168460301 0 0 0.0242326333413 0.000903223344508 0.00509041146561 0.00141454169181 0.0478323901981 0.0465232350347 0.00350038970644
189 1701 0.021968472317 0 0 0.0260210809511 0.000905930078193 0.00508948896601 0.00147379853828 0.0493569553745 0.0493978154603 0.00348419483308
190 1710 0.0211792610156 0 0 0.02455112757 0.000839551121657 0.00471623035424 0.00140701643468 0.0474578771839 0.0468105212806 0.00329625820351
191 1719 0.0202065023197 0 0 0.0234183875879 0.000782612141634 0.00434959322619 0.00132096012957 0.0442779434813 0.0441549421334 0.00316397633146
192 1728 0.0213675396385 0 0 0.0250375492852 0.00081449211235 0.00453538431011 0.00140995219141 0.0479486209266 0.0465279492864 0.00336782014064
193 1737 0.0204918152169 0 0 0.0243732025844 0.000787645682141 0.00438515038086 0.00129008244608 0.04679303416 0.0455825193454 0.00317371231775
194 1746 0.0191142940382 0 0 0.0228739012259 0.000737827380949 0.00404061428966 0.00118230599554 0.0425772620322 0.0417702631941 0.00291395003609
195 1755 0.0188777771674 0 0 0.0224819628529 0.000764542843311 0.00418964263144 0.0012053625118 0.0426841435706 0.0410023102615 0.00283394552793
196 1764 0.0185345435285 0 0 0.0216395215471 0.000739701910763 0.00407802628554 0.00118528659942 0.0424901368646 0.039757865047 0.00272099300114
197 1773 0.016732979183 0 0 0.019928852804 0.000684069991111 0.00380198281891 0.00104659763321 0.0380877007531 0.0358901842236 0.00248405197888
198 1782 0.0155013758195 0 0 0.018420773135 0.000617722948337 0.00343916428312 0.000928407659983 0.0345750894134 0.0327449752291 0.0021763548354
199 1791 0.0156394640323 0 0 0.0187291697817 0.000605806466234 0.00339197136357 0.000923460609182 0.0347264794162 0.0330656929406 0.00216660146246
200 1800 0.017409847943 0 0 0.0211717661714 0.000667886089462 0.00374226225133 0.00100389001934 0.0371348263955 0.0360393937963 0.00235878238695
201 1809 0.0171257781656 0 0 0.0205762190905 0.000647904166051 0.00362988325344 0.000962787213505 0.0356150897423 0.0345352902003 0.00236078361229
202 1818 0.0180783189308 0 0 0.0214111374474 0.00065802388522 0.00367555480054 0.00100576864291 0.037727807162 0.0363835943604 0.00263803425231
203 1827 0.0157710441653 0 0 0.0182639026003 0.000561269944376 0.00314417197023 0.000854495050592 0.0321371760458 0.0311132038321 0.00225736085662
204 1836 0.0146930923421 0 0 0.0165004371771 0.00050957310041 0.00286392985508 0.000781009546096 0.0295320945708 0.0289793641704 0.00207788651385
205 1845 0.0133886968051 0 0 0.0147069957314 0.000464275052696 0.00260128796294 0.000700975697862 0.0263033784648 0.0260034665234 0.0018863747312
206 1854 0.0136398205395 0 0 0.0148387518868 0.000468767178026 0.00262417737391 0.000690241794424 0.0260033898903 0.025717878117 0.00188365128846
207 1863 0.0144829017968 0 0 0.0156016338332 0.000498938185245 0.00277631034197 0.000706469415363 0.0285734776405 0.0272181753053 0.00197499702439
208 1872 0.0151623971561 0 0 0.0162105632415 0.000516183224765 0.00287133531568 0.000751857403507 0.0298234825812 0.0284396391782 0.00209497700276
209 1881 0.0140829352867 0 0 0.0149507437619 0.000475196938368 0.00263778427153 0.000705215845086 0.0274212637733 0.0265195961297 0.00197424166147
210 1890 0.0121946656615 0 0 0.0128583889628 0.000400836235611 0.00223026467552 0.000587636540966 0.0231832650066 0.0225099352616 0.00166591660903
211 1899 0.0111684185875 0 0 0.0115042763409 0.000362840115274 0.00202268717811 0.000544574903774 0.0201929448148 0.019480206913 0.00146669398464
212 1908 0.00899658273573 0 0 0.0091533719398 0.00028372688059 0.00158883386446 0.00043854031421 0.016257939528 0.0156410945602 0.0011651963059
213 1917 0.00861936708132 0 0 0.00872501708307 0.000263853930639 0.00147974055955 0.000419438853237 0.0153978104162 0.0148135828887 0.00113894016468
214 1926 0.00851162463785 0 0 0.00859990304966 0.000255550387768 0.00142923169785 0.000426879487417 0.0148549318922 0.0147174093494 0.00110076807002
215 1935 0.00786119389022 0 0 0.00803259166629 0.000233025534141 0.00130272701722 0.000392685523635 0.0144087494158 0.0140256148317 0.00101041270313
216 1944 0.00764698942095 0 0 0.00766665730517 0.000234542085573 0.00131637823626 0.000389381850327 0.0143647891245 0.0135573170154 0.000979932299916
217 1953 0.00641485253642 0 0 0.00628833830006 0.000193819897661 0.00108776040804 0.000314373196573 0.011740866757 0.0110843819628 0.000795050011709
218 1962 0.00624371538145 0 0 0.00611263463964 0.000194299855621 0.00109249906892 0.000301481233242 0.0113436912432 0.01057821456 0.000758636243818
219 1971 0.00607298088022 0 0 0.00597951446126 0.000191648744148 0.00107582657342 0.000282949987161 0.0108760873314 0.0101216859323 0.000742162545167
220 1980 0.0066338212098 0 0 0.00626925911888 0.000215576876683 0.00121390572503 0.000326783660087 0.0122055960602 0.0106311607772 0.00080534668523
221 1989 0.00663521833993 0 0 0.00619064755688 0.000217822863371 0.00122556868449 0.000321217149209 0.0121718783662 0.0102703144929 0.000802387481161
222 1998 0.00676356022152 0 0 0.00649085527065 0.000219247782574 0.0012331574729 0.000319458204019 0.0123705050692 0.0109238622061 0.000821363563878
223 2007 0.00612464106894 0 0 0.00580514382724 0.000197938005957 0.00111491813978 0.000286542997119 0.0111998264294 0.00977170392797 0.000758580434175
224 2016 0.00572699286917 0 0 0.00551886333415 0.000178220436699 0.00100680706519 0.000266885409142 0.0102445796323 0.00909249895459 0.000731643356231
225 2025 0.00566976873273 0 0 0.00537561084799 0.000184302979192 0.00104097948066 0.000267028448647 0.0102324803375 0.00889307059062 0.000729054489997
226 2034 0.00542832975401 0 0 0.00507465881544 0.000175383289088 0.000990686618027 0.0002490085706 0.00966318725186 0.00838605263035 0.000693529902457
227 2043 0.00534193069082 0 0 0.00489903724379 0.000166190315449 0.000941787431704 0.000244291647788 0.00939705085876 0.00832940225005 0.000676045702577
228 2052 0.00561115891328 0 0 0.00526032150185 0.000168797838876 0.000958149377122 0.000249622387478 0.00964666044219 0.00911720902481 0.000704256812833
229 2061 0.0050316769282 0 0 0.00455646578557 0.000153256722611 0.000869499584907 0.000222106528592 0.00851374214858 0.00808943654988 0.000629690287529
230 2070 0.00488509060574 0 0 0.00433600337251 0.000148513890492 0.00084355543112 0.00021469727126 0.00819036555904 0.00769555797478 0.000599160102526
231 2079 0.00498486462259 0 0 0.00444668771738 0.000156351492569 0.000885772879835 0.000213766219039 0.00843408512189 0.00766096031111 0.000589986197262
232 2088 0.00610396936946 0 0 0.00560156907497 0.000203387634316 0.00115246180003 0.000266849143255 0.0105915926901 0.00936933030516 0.000724353448854
233 2097 0.00724283464578 0 0 0.00675628752167 0.00025304258 0.00143306706412 0.00031925204907 0.0124779654696 0.0108800055375 0.000871426547257
234 2106 0.00758821736728 0 0 0.00712651651748 0.000265870592131 0.00150566646094 0.000331702575716 0.0128183032294 0.0112973844111 0.000929180704649
235 2115 0.00765024513833 0 0 0.00717218477682 0.000269348945834 0.0015217651662 0.000338529477674 0.0126098138635 0.011509476154 0.00100644337014
236 2124 0.00701495942293 0 0 0.00645849205214 0.000244442219276 0.00138117733655 0.000310786542558 0.0113361554176 0.0102917773121 0.000914339569026
237 2133 0.00757452978733 0 0 0.00703466246628 0.000276547169566 0.0015646399594 0.000353091816375 0.0127560716547 0.0110748115272 0.00101477976714
238 2142 0.00850998681216 0 0 0.00776401954311 0.000322054466875 0.00182335305602 0.000401486578006 0.0147865909923 0.0123152238771 0.00112748347395
239 2151 0.00960929033984 0 0 0.00871358585043 0.000404758848028 0.00229268773652 0.000471042602802 0.0166779615508 0.0142580945003 0.00134835887653
240 2160 0.00962056044111 0 0 0.00844213955501 0.000405626072808 0.00229826905889 0.000477864163 0.016251799736 0.0141222644346 0.00135509402521
241 2169 0.0099265164494 0 0 0.00936257106313 0.000410578835932 0.00232676566562 0.000491617463019 0.0164981161418 0.0151489042131 0.00138023090814
242 2178 0.00992460037736 0 0 0.00951508171992 0.00041107838491 0.00232294303375 0.000480752141886 0.0162615031826 0.0153636815867 0.00136728075592
243 2187 0.0117923229037 0 0 0.0120905520958 0.000549527820971 0.00310506452554 0.000567355684184 0.0206888108551 0.0189988533134 0.00164505171968
244 2196 0.0142114946491 0 0 0.0146986845628 0.000677858472037 0.00383139090806 0.000674880316979 0.025685445225 0.0230354795035 0.00196235566281
245 2205 0.0151563505047 0 0 0.0153604824359 0.000707385946009 0.00399943724959 0.000711449938105 0.0270161557662 0.0240277541777 0.00204896935891
246 2214 0.0167085815331 0 0 0.01652501527 0.000759361817805 0.00429117368623 0.000760363070002 0.02889960998 0.0267397297853 0.00222987107446
247 2223 0.0167043872982 0 0 0.0155984773724 0.000746355768711 0.00421899595375 0.00077005810759 0.0283036451664 0.0258213821648 0.00222985996076
248 2232 0.0154250941155 0 0 0.0143465225067 0.000646454784275 0.00365741895254 0.000673780685543 0.0253172256316 0.0234409645447 0.00197130201166
249 2241 0.0162473134279 0 0 0.0154666840311 0.000653191937234 0.00369794694899 0.000688241747024 0.0259564268692 0.0240717648918 0.00203400787497
250 2250 0.0175894806974 0 0 0.0172221884757 0.000695323161078 0.0039371893198 0.000726480965948 0.0285501225061 0.0260654728593 0.00215208273691
251 2259 0.0175531464298 0 0 0.0172818222865 0.000704819470029 0.00398469647472 0.000718488737521 0.0286806397922 0.0256390041231 0.0021219270974
252 2268 0.0187679321292 0 0 0.0198630563006 0.000753429458946 0.00426517870106 0.000758130772494 0.0309452644661 0.0268187900866 0.00224737286828
253 2277 0.0221487493706 0 0 0.0262119087165 0.000916505373348 0.00518358791575 0.000880995606219 0.0398482003465 0.0313717353693 0.00260757491544
254 2286 0.0246360129944 0 0 0.0318491311315 0.00102437157305 0.00580061694839 0.00096124027826 0.0448056587355 0.0380155548955 0.00283482864262
255 2295 0.0236885860496 0 0 0.0305817977291 0.00098280771014 0.00556579651738 0.000893048124408 0.0435374367363 0.0366027986621 0.00267026448183
256 2304 0.0247759872331 0 0 0.0314960869471 0.00101288859097 0.00573969601531 0.000902649521901 0.0444083671182 0.0402558168345 0.00268340856057
257 2313 0.0255090511276 0 0 0.0333832576555 0.00102247792857 0.00579574796996 0.000918937826534 0.0456243755317 0.0430157012904 0.00271146306425
258 2322 0.0266740865227 0 0 0.03735070038 0.00107378143459 0.00608575405517 0.000926091930281 0.0491031675632 0.0468377498219 0.00265349668884
259 2331 0.0261745500414 0 0 0.0369197189713 0.00104361212994 0.00590919338736 0.000895037937136 0.047876441535 0.0473142145312 0.00256755988291
260 2340 0.0247952365209 0 0 0.0351487549853 0.00100771183374 0.00570141394307 0.000801286274795 0.0450436572013 0.0452959410264 0.00234100758416
261 2349 0.0227084550254 0 0 0.0312549534684 0.00091673158323 0.00518669071333 0.000715873112547 0.0409147107881 0.0408626386273 0.00208748204825
262 2358 0.0236469013453 0 0 0.032008403683 0.000936106949967 0.00529582352606 0.000712702300101 0.0408752381796 0.0425943773629 0.00211084114632
263 2367 0.0227177623567 0 0 0.030598336894 0.000877771007374 0.0049667720932 0.00068290511382 0.038828117923 0.0410889164915 0.00201795026898
264 2376 0.0231717167547 0 0 0.0335081652556 0.000888507640748 0.00502961131395 0.000693470319521 0.0389226694368 0.0449886028117 0.00204918434849
265 2385 0.0266625794238 0 0 0.0411918014585 0.00105937276712 0.00599332931793 0.000823389659785 0.0477035731813 0.0555175129343 0.00245359785954
266 2394 0.0275007524898 0 0 0.0415338541537 0.00105840660129 0.00598675972298 0.000839369788668 0.0481145402781 0.0567473645964 0.00249342184027
267 2403 0.0306575800177 0 0 0.0487789317854 0.00114852246412 0.00649599747572 0.000915554869649 0.0517943195663 0.0641973962195 0.00282091385495
268 2412 0.0316695444786 0 0 0.0520545290963 0.00119755331129 0.0067812511384 0.000921539089896 0.0527782188554 0.0687981859215 0.0031193343618
269 2421 0.0313041060303 0 0 0.0506186025838 0.00117277410011 0.00664232795645 0.000909013099249 0.0519517438167 0.0658835946175 0.00308168134007
270 2430 0.0314500211872 0 0 0.0502290207329 0.00112645829879 0.00638315958228 0.000907734382242 0.0494031888585 0.0647679131034 0.00300792299436
271 2439 0.028208829926 0 0 0.0455582358486 0.00100840469512 0.00571594190196 0.000796306290327 0.0434923013274 0.0588119593831 0.00263760035614
272 2448 0.0287760925716 0 0 0.0465771105659 0.00101232045776 0.00573524578714 0.000783669343146 0.0435181080969 0.0600148503237 0.00263204265723
273 2457 0.0269761502477 0 0 0.0439784248534 0.000943238167985 0.00534152766179 0.000716510733714 0.0404806815706 0.0560785422083 0.00248539545854
274 2466 0.023921049539 0 0 0.0379805382395 0.000806833759171 0.00456847964486 0.000623626926324 0.034687617899 0.048258589249 0.00217532476067
275 2475 0.0202749278441 0 0 0.0308899437029 0.000652787628169 0.0036939661027 0.000517331419001 0.0290514767536 0.0393698070732 0.00179260931657
276 2484 0.0186959124393 0 0 0.0283721673258 0.000579935983304 0.00328188400037 0.000460705824765 0.025409499585 0.036284737546 0.00162579985062
277 2493 0.0197327880284 0 0 0.0302785365708 0.000584521222256 0.00330616275439 0.000496019580696 0.0260604182525 0.0371653945685 0.0017035352455
278 2502 0.0201344141771 0 0 0.0318856063484 0.000586647199967 0.0033186042454 0.000496777804271 0.026131930106 0.0377572917372 0.001712074781
279 2511 0.0217944895978 0 0 0.0352835475355 0.000622827468769 0.00352183502676 0.000535290249714 0.0279152170378 0.0390684810369 0.0017800259669
280 2520 0.0196089200184 0 0 0.0320483523084 0.000576863293238 0.00326069129979 0.000466483170296 0.0254185777798 0.0358619508474 0.0016255206858
281 2529 0.0183442206503 0 0 0.0298191935149 0.000529694436506 0.00299263488559 0.00043286049426 0.0230709315707 0.0338323070099 0.00150444400177
282 2538 0.0160186630129 0 0 0.0252452768847 0.000456434453597 0.00257835364665 0.000374502779644 0.0200186079535 0.0284671111857 0.00129101543181
283 2547 0.0148692610867 0 0 0.023149482539 0.000408361932862 0.00230646267759 0.000336102129927 0.0181527225557 0.0255772680743 0.00116064022522
284 2556 0.0150561149069 0 0 0.0227383723389 0.000398518524344 0.00225097224495 0.000332743162932 0.0188757290548 0.0258837114024 0.00120680616041
285 2565 0.0132911204661 0 0 0.0199181888497 0.000349012561917 0.00197111882114 0.000284748673333 0.0163762264951 0.0228386511526 0.0010407041997
286 2574 0.013435057719 0 0 0.0193795212118 0.000344968030674 0.00194925588113 0.000291907187222 0.0168083851 0.0225406536755 0.00102722122469
287 2583 0.013328763329 0 0 0.0189921193112 0.000335748299957 0.00189684995031 0.000289218676484 0.0161402207754 0.0223031626005 0.00099818055484
288 2592 0.0121651689276 0 0 0.0166409994433 0.00029746246746 0.00167976858664 0.000260103989004 0.0140196702042 0.0197387785059 0.000893711776783
289 2601 0.0129115220513 0 0 0.0186350674029 0.000329210260175 0.00186163297596 0.000261545314047 0.0152751886881 0.0207022323002 0.000916937715274
290 2610 0.0144575536337 0 0 0.0208116005037 0.00039310077074 0.00222507070307 0.000300922722638 0.0172083483867 0.0224762270522 0.00104257664813
291 2619 0.0138530182124 0 0 0.0197687770168 0.000367312748102 0.00207932992386 0.000285764675268 0.0160506339171 0.0210588331089 0.000986628580448
292 2628 0.0129519627301 0 0 0.0184469716484 0.000343508975132 0.00194527705168 0.000261129784138 0.0147771485713 0.0206082394074 0.000946773609724
293 2637 0.0121322786258 0 0 0.0166078563321 0.000323295365161 0.00183102198242 0.000239098485326 0.013515765565 0.0193116525154 0.000882181189523
294 2646 0.0112461919401 0 0 0.0159432981228 0.000302565506334 0.00171304829644 0.000216303839835 0.0124485668356 0.017678283442 0.000801101328143
295 2655 0.0103212219748 0 0 0.0144651832453 0.000276684259213 0.00156652573798 0.00020130523504 0.0114137108053 0.0158668749298 0.000737876062182
296 2664 0.00928006167794 0 0 0.0124819026152 0.000234968620299 0.00133058535706 0.000177020911461 0.0097920020115 0.0142236194924 0.000656800692531
297 2673 0.00854126971261 0 0 0.011105480664 0.000211764254751 0.00119915795531 0.000159826119084 0.0089281486394 0.0124242841966 0.000578589189566
298 2682 0.00778250873531 0 0 0.00983427824198 0.000187327803442 0.00106079708421 0.000143494654977 0.00790492300254 0.0109950591202 0.000517878211412
299 2691 0.00777645888426 0 0 0.0101308441354 0.000185765670255 0.00105163373992 0.000139851445429 0.00785049032917 0.0118518561734 0.000507708836168
300 2700 0.00749192352602 0 0 0.00963101028405 0.000172779294496 0.000978126635597 0.000131797150095 0.00706738690512 0.0112915188999 0.000489986671461
301 2709 0.00696874464437 0 0 0.00896592787425 0.000156072920275 0.00088381492198 0.00012121277007 0.00636480748706 0.0104052088565 0.000449714084446
302 2718 0.00640893717836 0 0 0.00816054836892 0.000139687925544 0.00079128372574 0.000111881315358 0.00583075126909 0.00955267156222 0.000408838465638
303 2727 0.0064467603991 0 0 0.00803423426133 0.000138445394861 0.00078384508506 0.000109753256509 0.00580732646461 0.00957020763883 0.000407246078727
304 2736 0.00591476530835 0 0 0.00757818916094 0.000127345290404 0.000721230067999 9.89911583277e-05 0.00531945903768 0.00876394223506 0.000374764163154
305 2745 0.00556859403663 0 0 0.00749145153337 0.000117621960583 0.000666417173126 8.98433149863e-05 0.00489407493218 0.00813337093403 0.000344696046087
306 2754 0.00578282906925 0 0 0.00759317315301 0.000125714048551 0.000712353163799 9.27519285068e-05 0.00496498219411 0.0085235718478 0.000374537209507
307 2763 0.00601800988315 0 0 0.00784859099666 0.000132335583285 0.000749897546971 0.000104992513456 0.00513640289744 0.00872831958841 0.000400954920278
308 2772 0.00645601663693 0 0 0.0084136386439 0.000146502889568 0.000830330444975 0.000111764943903 0.00541465079751 0.0091238001903 0.00042396500111
309 2781 0.00641737601362 0 0 0.00832336796294 0.000148185754541 0.000840392642978 0.000111972477287 0.00546672555156 0.00909412658314 0.000412621291579
310 2790 0.00572387767042 0 0 0.00728173266608 0.000129409541165 0.000733877460141 9.86778542825e-05 0.00478085040937 0.00810213893023 0.000360830881444
311 2799 0.00556416732224 0 0 0.00685432044842 0.000125355274002 0.000710862892034 9.56279235679e-05 0.00453394778769 0.00803117327706 0.000351257226506
312 2808 0.00486935732332 0 0 0.00593450689823 0.000107240113476 0.000608243883169 8.18611822367e-05 0.00382162681818 0.00690217232164 0.000306140633252
313 2817 0.00446643619217 0 0 0.00555070860421 9.84161230411e-05 0.000558220621423 7.28968674961e-05 0.00351946042023 0.00639082835773 0.000275930804032
314 2826 0.00413114326233 0 0 0.00514333631346 9.29762083261e-05 0.000527505541916 6.6392163901e-05 0.00314281898319 0.00599985481744 0.000262496920436
315 2835 0.00376408373705 0 0 0.00460715718667 8.37379123206e-05 0.000475033068594 5.87055528521e-05 0.0027940329961 0.00555608327087 0.000234215780583
316 2844 0.00358998128324 0 0 0.00428227258265 7.85982753196e-05 0.000445819690474 5.45180153537e-05 0.00262699169774 0.00524391006801 0.000223114292901
317 2853 0.00316868626795 0 0 0.00371021741737 7.08495858965e-05 0.000401887992037 4.65973541784e-05 0.00226419837366 0.00468724243938 0.000201485050502
318 2862 0.00278828737432 0 0 0.00318648784491 6.2923601076e-05 0.000356877856099 4.01815009887e-05 0.00198097419869 0.00402253395993 0.00017224360999
319 2871 0.00267549985239 0 0 0.00307499968985 6.01566014772e-05 0.000341240568319 3.77247150159e-05 0.00186342516691 0.00386517637924 0.000165165667761
320 2880 0.0025702293726 0 0 0.00292657386247 5.7706396947e-05 0.000327332202883 3.54659533372e-05 0.00180614152124 0.0036504662053 0.000153047057192
321 2889 0.00258978301017 0 0 0.00307170320872 5.77118895886e-05 0.000327384896033 3.60346658891e-05 0.0018736322717 0.00361708032417 0.000151390172417
322 2898 0.00270263057076 0 0 0.00325928718894 6.03594964731e-05 0.000342469203642 3.6935895495e-05 0.00197988668178 0.00374407557204 0.000156245463488
323 2907 0.00311547557389 0 0 0.00416691859943 6.82209432614e-05 0.000387114447397 4.50018779504e-05 0.00235330123718 0.00431271577912 0.000177178165881
324 2916 0.00332054336684 0 0 0.0043303531569 7.09049273782e-05 0.000402383463114 4.7459639537e-05 0.00256482696162 0.00440231033182 0.000184180759362
325 2925 0.00335042240833 0 0 0.00436842253532 7.07726895812e-05 0.000401604823936 4.68443383806e-05 0.00260847144145 0.0042900765113 0.000180508628649
326 2934 0.00334964337109 0 0 0.00445094537053 6.97822738523e-05 0.000395992146404 4.60596336945e-05 0.0026311076541 0.00422744051311 0.000179199640519
327 2943 0.00291285804201 0 0 0.00377810185964 5.97801530968e-05 0.000339272056253 4.03378900465e-05 0.00223969251648 0.0036141200238 0.000154795819417
328 2952 0.00288136531546 0 0 0.00366379099263 6.40741471255e-05 0.000363646899521 4.25139711416e-05 0.00224692711184 0.0037030680005 0.00016732750753
329 2961 0.00293731195136 0 0 0.00379413074536 6.91960629718e-05 0.000392735368228 4.36909044366e-05 0.00234861119254 0.00376979060782 0.000172829543176
330 2970 0.0027707023453 0 0 0.0035099186506 6.61025758525e-05 0.000375184701803 4.02865088827e-05 0.00217383524115 0.00346711656161 0.000161077926115
331 2979 0.00311959781001 0 0 0.00423035096126 7.36399561161e-05 0.000417988199001 5.36937905021e-05 0.00243364910675 0.00405344327275 0.000175583476593
332 2988 0.0030861732565 0 0 0.00441229245842 7.27148690576e-05 0.000412709146489 5.32829533694e-05 0.00252974141012 0.004109416134 0.000170424268127
333 2997 0.00344758329476 0 0 0.00484846316919 8.31122651417e-05 0.000471749989259 5.82400578966e-05 0.00274577010303 0.00453614114418 0.000190535174399
334 3006 0.0033181468362 0 0 0.00461020474647 7.76904519584e-05 0.000440994935596 5.54548965091e-05 0.00253008259145 0.00425164838181 0.000174375562786
335 3015 0.00315959348717 0 0 0.00438864022069 7.20532229988e-05 0.000408962897508 5.21727003977e-05 0.00236944347768 0.00400318010408 0.00016513038081
336 3024 0.00270887083395 0 0 0.00374935696462 6.11426097138e-05 0.000347035176583 4.45054159578e-05 0.00198295121618 0.00338920854526 0.000141441135501
337 3033 0.00268817242975 0 0 0.0037786750608 6.21331197294e-05 0.000352638850687 4.52300790908e-05 0.0019580442968 0.00336108570128 0.000146951255561
338 3042 0.0022918907155 0 0 0.00322639394748 5.059247492e-05 0.000287098464954 3.80085318303e-05 0.00164001776233 0.00280971084647 0.000120746539192
339 3051 0.0020652244246 0 0 0.00293503964411 4.48835887687e-05 0.000254671391027 3.29310707755e-05 0.00144959808161 0.00249305242947 0.00010475616869
340 3060 0.00185461761323 0 0 0.00252314592381 4.07056741703e-05 0.000230947090907 2.88935848858e-05 0.00130210035933 0.00216485432232 9.27350075668e-05
341 3069 0.00191480678961 0 0 0.00255484410955 4.07732339973e-05 0.000231301442519 2.90378962318e-05 0.00133751776033 0.00220935392968 9.48601058243e-05
342 3078 0.00194172175665 0 0 0.0025969510194 4.14076236631e-05 0.000234891671177 2.99529139485e-05 0.00135758396281 0.00216864572772 9.51902233513e-05
343 3087 0.00179205024999 0 0 0.00244711543616 3.8430528959e-05 0.000218006570947 2.73468871308e-05 0.00124304877251 0.0020708856267 9.21148887932e-05
344 3096 0.00172673448186 0 0 0.00231732762778 3.78949047691e-05 0.000214998920725 2.68099502534e-05 0.00119827029037 0.00197226458878 8.8086508286e-05
345 3105 0.00158279151129 0 0 0.00206065103298 3.43940682335e-05 0.000195130236097 2.42214520084e-05 0.00108344304487 0.00182574743755 8.00044107757e-05
346 3114 0.00149106580357 0 0 0.00187070362654 3.13059845423e-05 0.000177613475693 2.25736614341e-05 0.00098207241181 0.0017148132329 7.46147531313e-05
347 3123 0.00137729079778 0 0 0.0016792805959 2.83081467871e-05 0.000160609563757 2.03842178012e-05 0.000905301650719 0.00155316613063 6.76443744647e-05
348 3132 0.0013613541279 0 0 0.00168579986144 2.7846540834e-05 0.000157992578552 2.0602913682e-05 0.000881829737204 0.00155623854453 6.80319492804e-05
349 3141 0.00123196254456 0 0 0.00158041891696 2.57799102914e-05 0.000146271656847 1.97039491416e-05 0.000804032478751 0.00137979400314 6.27171983894e-05
350 3150 0.00117425460773 0 0 0.00149911095991 2.55446492011e-05 0.000144943138714 1.88610027499e-05 0.000753283770387 0.00127102065293 5.94193869803e-05
351 3159 0.00109877052618 0 0 0.00139628958158 2.31608236527e-05 0.000131410738283 1.74245159413e-05 0.000694053360246 0.00116052214775 5.31837281362e-05
352 3168 0.00103400996541 0 0 0.00127756122871 2.12999910738e-05 0.000120841222115 1.58685314607e-05 0.000638189804951 0.0010658649284 4.82849462056e-05
353 3177 0.00104042959709 0 0 0.00126061668475 2.12799420329e-05 0.000120718759196 1.67759477734e-05 0.000669575824727 0.00107384426033 4.82184928592e-05
354 3186 0.000975943903604 0 0 0.001212994753 1.93832011018e-05 0.000109961900135 1.57990024641e-05 0.000625586132723 0.00102922863913 4.4350224743e-05
355 3195 0.000849083466244 0 0 0.00104698165634 1.66222781014e-05 9.43026880317e-05 1.36145653914e-05 0.00052412774696 0.000872225616632 3.78069338818e-05
356 3204 0.000840533323942 0 0 0.00102950800701 1.68294927759e-05 9.54775314608e-05 1.32799428272e-05 0.000516552274957 0.000892954880095 3.77454153038e-05
357 3213 0.000842368371667 0 0 0.00101835315797 1.68417483602e-05 9.55496335763e-05 1.33693813073e-05 0.000512816083072 0.000922338289712 3.80079493284e-05
358 3222 0.000833295800972 0 0 0.00105744434431 1.57585334061e-05 8.94082714336e-05 1.32014232046e-05 0.000503695918132 0.000896375143757 3.61107773606e-05
359 3231 0.000778397547141 0 0 0.000967959577943 1.4763805731e-05 8.37606106926e-05 1.20963591099e-05 0.00049202491903 0.000821053491625 3.30518736087e-05
360 3240 0.00078036225373 0 0 0.00098915903451 1.47721196977e-05 8.38042691028e-05 1.2029406427e-05 0.000487753248646 0.000791183120374 3.27518953217e-05
361 3249 0.000796697357084 0 0 0.00100767936447 1.49685971787e-05 8.49208580351e-05 1.23116921563e-05 0.000495069177318 0.000792464639618 3.52764885153e-05
362 3258 0.000802443029548 0 0 0.00104119591588 1.63202605629e-05 9.2584949938e-05 1.21593936258e-05 0.000522513371045 0.000779960943504 3.57045658912e-05
363 3267 0.000798086599054 0 0 0.00101043811122 1.59806073817e-05 9.0658781217e-05 1.15847318842e-05 0.000527174066674 0.000755658596813 3.53473867694e-05
364 3276 0.000702076889703 0 0 0.000874675690193 1.32129254109e-05 7.49568439721e-05 9.9274240591e-06 0.000450032591289 0.00065129226851 3.00238351729e-05
365 3285 0.000691168195391 0 0 0.000847244331367 1.28608205907e-05 7.29577134156e-05 9.54824805403e-06 0.000434092629892 0.000689234678901 2.98056659247e-05
366 3294 0.000718931685129 0 0 0.000863056808443 1.32064909243e-05 7.4919201687e-05 9.73349386886e-06 0.000455548181036 0.00073430146884 3.15950684177e-05
367 3303 0.000678302794646 0 0 0.000805235571137 1.2067648319e-05 6.84578045915e-05 8.94345681895e-06 0.000409779911466 0.000685867608166 2.95381089864e-05
368 3312 0.000610484392974 0 0 0.000715747539664 1.06302251247e-05 6.03020183925e-05 7.79720934699e-06 0.000370024962918 0.000612715354265 2.61027024576e-05
369 3321 0.000540512540757 0 0 0.000625457207204 9.61652083261e-06 5.4554931468e-05 6.83796079391e-06 0.000324525152722 0.000546898158424 2.368053317e-05
370 3330 0.000546617265193 0 0 0.000615787113467 1.00557210617e-05 5.70464081889e-05 6.76174333521e-06 0.00032178962257 0.000560808989109 2.51281916122e-05
371 3339 0.000502882058746 0 0 0.000585759168772 9.13464852898e-06 5.18215900893e-05 6.43574443808e-06 0.000288146086713 0.000514670168569 2.30105851268e-05
372 3348 0.000444432740134 0 0 0.000499945069433 7.7914538833e-06 4.42033727112e-05 5.54928459179e-06 0.000248606412056 0.000439079036477 1.97117865142e-05
373 3357 0.00043351166872 0 0 0.000483107155081 7.19650626587e-06 4.08276069902e-05 5.29580112972e-06 0.000240552463484 0.000422523373464 1.83686881635e-05
374 3366 0.000393118128342 0 0 0.000424463636408 6.4323174216e-06 3.64911998417e-05 4.58869663222e-06 0.000217330706519 0.000373417241744 1.65054130132e-05
375 3375 0.000388532299864 0 0 0.000407707018198 6.29910539608e-06 3.57350321021e-05 4.50062117845e-06 0.000220372811161 0.000355699506378 1.60305714287e-05
376 3384 0.000395316243865 0 0 0.000406142019939 6.44769014095e-06 3.657744254e-05 4.55922690524e-06 0.000224739505706 0.00036275550868 1.60457203867e-05
377 3393 0.00037317345302 0 0 0.000383680754067 5.89622103955e-06 3.34486418402e-05 4.18533606476e-06 0.000199312254031 0.000340595058002 1.49924221262e-05
378 3402 0.0003415197867 0 0 0.000343858350697 5.42246889041e-06 3.07606705053e-05 3.82040495289e-06 0.000183476688478 0.000306249964299 1.35054383001e-05
379 3411 0.000326045861548 0 0 0.000317504228207 5.19385541886e-06 2.94641022693e-05 3.54127886534e-06 0.000175754306247 0.000287036610373 1.24373006976e-05
380 3420 0.000297559087382 0 0 0.000287394454503 4.64961517752e-06 2.63766192423e-05 3.16761644622e-06 0.000157293183872 0.00026173883208 1.10720726405e-05
381 3429 0.000278536102195 0 0 0.000268464777731 4.35038284118e-06 2.46790813606e-05 2.9535506026e-06 0.000148782906214 0.000243130559448 1.03972866564e-05
382 3438 0.000274001103391 0 0 0.000263262359078 4.19457808097e-06 2.37946560228e-05 2.793138758e-06 0.000144923805313 0.000234885574709 1.02346020568e-05
383 3447 0.000279568844245 0 0 0.000270010167019 4.30729020107e-06 2.44349474122e-05 2.81892350488e-06 0.000144957693619 0.000235755274509 1.06437768545e-05
384 3456 0.000267986040473 0 0 0.000251029134054 4.02634353462e-06 2.28417230165e-05 2.7623291995e-06 0.000136583958766 0.000223775274388 1.00204449827e-05
385 3465 0.000236885398368 0 0 0.000218963262342 3.51838729588e-06 1.99589950395e-05 2.43988891024e-06 0.000119473041243 0.00019281605597 9.04510258337e-06
386 3474 0.000235855141826 0 0 0.000229800996107 3.50419109834e-06 1.98783287324e-05 2.51117279885e-06 0.000116689251882 0.000193161124193 8.87511099912e-06
387 3483 0.000226606754825 0 0 0.000216648406346 3.25809197425e-06 1.84820390573e-05 2.43644483093e-06 0.000111325062311 0.00018451459477 8.34504506504e-06
388 3492 0.000222005539557 0 0 0.000207941226125 3.45098170804e-06 1.957522132e-05 2.3556372052e-06 0.000107703815816 0.000176433830096 8.1971271618e-06
389 3501 0.000210470658871 0 0 0.000203797723272 3.20488297409e-06 1.81790367658e-05 2.20103479348e-06 0.000100235767786 0.00016792019331 7.84989133786e-06
390 3510 0.000204079609819 0 0 0.000196404106529 3.14025813718e-06 1.78127114808e-05 2.12468124864e-06 9.58320423118e-05 0.000158377794175 7.43767969786e-06
391 3519 0.000175124376002 0 0 0.000161604239255 2.66002235469e-06 1.50888703429e-05 1.75622228583e-06 8.07794426826e-05 0.000135667135382 6.31160578475e-06
392 3528 0.000158697895173 0 0 0.000144655798906 2.41729761513e-06 1.37124772305e-05 1.54893411699e-06 7.13765230542e-05 0.000121573188351 5.6099624111e-06
393 3537 0.000155787739505 0 0 0.000139384561693 2.31410836502e-06 1.31268654541e-05 1.49912388231e-06 6.86595266151e-05 0.000120568464195 5.40473815609e-06
394 3546 0.000154571788306 0 0 0.000136258873245 2.32983779612e-06 1.32163726371e-05 1.51150448143e-06 6.86048295155e-05 0.000117227948168 5.38535104716e-06
395 3555 0.000154250910949 0 0 0.000132169514245 2.30805932424e-06 1.30929824964e-05 1.51586733638e-06 7.05428422529e-05 0.000116076522052 5.27528154335e-06
396 3564 0.000155363895475 0 0 0.000137223512497 2.26129687515e-06 1.2827436947e-05 1.57150103422e-06 6.95932260808e-05 0.00011583468501 5.62733101932e-06
397 3573 0.000148903682128 0 0 0.000130783851161 2.19119200368e-06 1.24297722219e-05 1.48467078206e-06 6.76797184962e-05 0.000112967116805 5.40198413828e-06
398 3582 0.000134834398457 0 0 0.00011634073694 1.94083165943e-06 1.10093213504e-05 1.3072600896e-06 6.02581003729e-05 0.000103640481146 4.9212268892e-06
399 3591 0.000120012970752 0 0 0.000102374491244 1.66737852982e-06 9.45799742504e-06 1.13218986314e-06 5.3086749488e-05 9.16132045565e-05 4.22781471731e-06
400 3600 0.000108318730574 0 0 8.99558138649e-05 1.4907146567e-06 8.45584475709e-06 1.01396216475e-06 4.63344722349e-05 8.03629937959e-05 3.80340874618e-06
401 3609 8.9497364418e-05 0 0 7.23053361298e-05 1.2193371537e-06 6.9164523265e-06 8.06698475493e-07 3.77197989579e-05 6.51777883544e-05 3.08524693499e-06
402 3618 8.65198170175e-05 0 0 7.12372909926e-05 1.19232154077e-06 6.76324621222e-06 7.60511984426e-07 3.75985005643e-05 6.11543887027e-05 2.92325943938e-06
403 3627 8.04761098693e-05 0 0 6.5766028257e-05 1.09628523095e-06 6.21848112853e-06 7.52706180599e-07 3.4529224091e-05 5.57330823693e-05 2.72255701195e-06
404 3636 8.16918009146e-05 0 0 7.37905955498e-05 1.09839219185e-06 6.23040244545e-06 7.4332881828e-07 3.42209400141e-05 5.74869684772e-05 2.73926320283e-06
405 3645 6.92746804386e-05 0 0 6.22872076306e-05 9.30148193149e-07 5.27609307649e-06 6.29120497145e-07 2.81407672848e-05 4.81691832171e-05 2.42730334985e-06
406 3654 6.94483645093e-05 0 0 6.86370553251e-05 9.13136559056e-07 5.17951846549e-06 6.31630130055e-07 2.78966219629e-05 4.96522168908e-05 2.49198575383e-06
407 3663 6.84367881542e-05 0 0 6.99648701799e-05 8.80678646103e-07 4.99541918886e-06 6.14313583711e-07 2.79394227661e-05 4.87954581402e-05 2.4716033309e-06
408 3672 6.92988155897e-05 0 0 7.32012488609e-05 9.04220776989e-07 5.1290169934e-06 6.15921806668e-07 2.78457551029e-05 5.02016840162e-05 2.59421603049e-06
409 3681 6.53397167055e-05 0 0 6.7624511459e-05 8.30272498251e-07 4.70951717553e-06 5.76626453173e-07 2.61222667877e-05 4.65104644459e-05 2.39742538615e-06
410 3690 6.20409525363e-05 0 0 6.38546486794e-05 7.70877901136e-07 4.37255993396e-06 5.3559472981e-07 2.4543399006e-05 4.38252516352e-05 2.25204364151e-06
411 3699 6.63665094671e-05 0 0 6.96112439842e-05 8.18534631451e-07 4.64287125222e-06 5.57042415708e-07 2.64229088883e-05 5.03777214048e-05 2.50074623197e-06
412 3708 6.71740748401e-05 0 0 6.92763499505e-05 8.16534106453e-07 4.63155716326e-06 5.68097791787e-07 2.69413146549e-05 5.41971026314e-05 2.59808437789e-06
413 3717 6.23141729322e-05 0 0 6.57556067069e-05 7.14495681321e-07 4.05278872965e-06 5.32946726026e-07 2.48988641424e-05 5.09441740485e-05 2.41036058969e-06
414 3726 6.34740511468e-05 0 0 6.55914000569e-05 7.15337629203e-07 4.05755230874e-06 5.3495486755e-07 2.61468188426e-05 5.29383956038e-05 2.44881818123e-06
415 3735 6.31602679123e-05 0 0 6.61421792844e-05 7.08951955959e-07 4.02136683678e-06 5.22852243368e-07 2.57016410407e-05 5.41221484333e-05 2.54314400986e-06
416 3744 6.39140209171e-05 0 0 6.84813237186e-05 6.99479360324e-07 3.96759896913e-06 5.40864985973e-07 2.60609764972e-05 5.89470669259e-05 2.63039437148e-06
417 3753 6.23386567763e-05 0 0 6.53169941437e-05 6.66594025454e-07 3.7810762486e-06 5.37965587899e-07 2.46965983791e-05 5.70208224405e-05 2.50829555788e-06
418 3762 5.46550801831e-05 0 0 5.70235242311e-05 5.76699945123e-07 3.27117214187e-06 4.58890659663e-07 2.15871939075e-05 4.86169862611e-05 2.14585593522e-06
419 3771 4.97014518833e-05 0 0 4.87026790048e-05 5.19752724264e-07 2.9481352958e-06 4.11372304729e-07 1.97501252955e-05 4.30454521838e-05 1.87380814672e-06
420 3780 5.08792642638e-05 0 0 4.93746766506e-05 5.49336206352e-07 3.11592098874e-06 4.18532273393e-07 2.22071997913e-05 4.34410836117e-05 1.95782792233e-06
421 3789 4.70571077032e-05 0 0 4.45587584288e-05 5.12600503015e-07 2.90753912517e-06 3.66237333486e-07 2.00879739822e-05 3.98316611318e-05 1.81196811249e-06
422 3798 4.86823882685e-05 0 0 4.44639314143e-05 5.37792486039e-07 3.05044029934e-06 3.86349312203e-07 2.20815929771e-05 4.06184101694e-05 1.83601499214e-06
423 3807 4.91853907429e-05 0 0 4.5205698455e-05 5.47652148501e-07 3.10637167378e-06 3.8746437107e-07 2.35967814021e-05 4.1476034451e-05 1.88104115565e-06
424 3816 5.19982626929e-05 0 0 4.86907572442e-05 5.73104717098e-07 3.25073668018e-06 4.0333733589e-07 2.5092455579e-05 4.46814041927e-05 2.01406090034e-06
425 3825 4.82941980447e-05 0 0 4.50727258261e-05 5.26256826743e-07 2.98500068e-06 3.57137678316e-07 2.26344878406e-05 3.97619518764e-05 1.85523845045e-06
426 3834 4.77113499371e-05 0 0 4.34548934658e-05 5.46053754962e-07 3.09728260513e-06 3.39975234413e-07 2.2899615427e-05 3.87940524127e-05 1.81799992013e-06
427 3843 4.92390288466e-05 0 0 4.35566401287e-05 5.72494877027e-07 3.24726799811e-06 3.31859606717e-07 2.34492247206e-05 3.88117595895e-05 1.87745205954e-06
428 3852 4.88101982984e-05 0 0 4.40156693299e-05 5.58129641924e-07 3.16579863217e-06 3.23388696007e-07 2.28614274695e-05 3.88900030195e-05 1.91674285335e-06
429 3861 5.17584182047e-05 0 0 4.45142284547e-05 5.96859841321e-07 3.38549410842e-06 3.37478113825e-07 2.40109327279e-05 4.13054035848e-05 1.99541752535e-06
430 3870 5.20034883293e-05 0 0 4.81293561905e-05 5.89902783871e-07 3.34603264759e-06 3.50951825917e-07 2.31577191017e-05 4.18786698554e-05 1.97922308553e-06
431 3879 4.88767083226e-05 0 0 4.39878452048e-05 5.42753652692e-07 3.078581419e-06 3.35366747474e-07 2.13425348702e-05 3.89247460568e-05 1.82782859876e-06
432 3888 4.48841743628e-05 0 0 3.92887226428e-05 4.98179522124e-07 2.82574589198e-06 3.04703698969e-07 1.91698577702e-05 3.48635896365e-05 1.64051739395e-06
433 3897 3.99129612946e-05 0 0 3.48272549975e-05 4.38586475009e-07 2.48774030015e-06 2.71073705599e-07 1.68415951018e-05 3.1303403617e-05 1.46306039292e-06
434 3906 3.5979634788e-05 0 0 3.08934821209e-05 3.94481491491e-07 2.23756033043e-06 2.44460629652e-07 1.5041063766e-05 2.79220387754e-05 1.33678500001e-06
435 3915 3.52935096284e-05 0 0 3.15618351793e-05 3.81158321996e-07 2.16199444743e-06 2.44590836305e-07 1.46311480374e-05 2.82228263745e-05 1.29490426277e-06
436 3924 3.39576824023e-05 0 0 3.03067531306e-05 3.63162701651e-07 2.05992728642e-06 2.41612358521e-07 1.4341485231e-05 2.69252259059e-05 1.24222978351e-06
437 3933 3.38088170674e-05 0 0 2.98859673878e-05 3.51322405606e-07 1.99275694685e-06 2.55730363975e-07 1.46696930989e-05 2.70527791366e-05 1.22009632861e-06
438 3942 3.60491609153e-05 0 0 3.12747601922e-05 3.72539460225e-07 2.11310058273e-06 2.6553501448e-07 1.61216410776e-05 2.90008782757e-05 1.28543524075e-06
439 3951 3.63541757605e-05 0 0 3.09987081919e-05 3.74271055388e-07 2.12292379797e-06 2.65564392123e-07 1.62150613437e-05 2.88557440728e-05 1.28988908034e-06
440 3960 3.62973773262e-05 0 0 3.02870975317e-05 3.82182568162e-07 2.1677894636e-06 2.60461539378e-07 1.66228234889e-05 2.86612308181e-05 1.26069054555e-06
441 3969 3.47169294063e-05 0 0 2.87188675898e-05 3.60067999148e-07 2.04235104168e-06 2.43959422192e-07 1.54138613431e-05 2.71961862606e-05 1.18685662974e-06
442 3978 3.36646906272e-05 0 0 2.86820195226e-05 3.48343351263e-07 1.97584716545e-06 2.33298523632e-07 1.44517721507e-05 2.66373026955e-05 1.14741730458e-06
443 3987 3.0797188034e-05 0 0 2.59283854094e-05 3.15830445255e-07 1.79143249116e-06 2.09484602542e-07 1.30073911796e-05 2.41077529451e-05 1.02620617187e-06
444 3996 2.86927321752e-05 0 0 2.36863131878e-05 2.91233269611e-07 1.65191846872e-06 1.9183592404e-07 1.1869463456e-05 2.22319410634e-05 9.36843497396e-07
445 4005 2.54625219687e-05 0 0 2.13540549518e-05 2.53267745848e-07 1.43657403869e-06 1.67043658951e-07 1.04497713605e-05 2.01888902085e-05 8.57397163274e-07
446 4014 2.54166215931e-05 0 0 2.25117989833e-05 2.49577661465e-07 1.41563787745e-06 1.65116019682e-07 9.97581031179e-06 2.13401507698e-05 9.21832864136e-07
447 4023 2.56432685152e-05 0 0 2.20660678607e-05 2.49802389709e-07 1.41690880611e-06 1.608859163e-07 1.01738996025e-05 2.09967159289e-05 8.9736696866e-07
448 4032 2.46445124502e-05 0 0 2.14373963854e-05 2.44546135185e-07 1.38709652451e-06 1.50740983937e-07 9.67415623139e-06 2.0714298939e-05 8.62125193769e-07
449 4041 2.40128601648e-05 0 0 2.10433127473e-05 2.26400163147e-07 1.28416835117e-06 1.45438613613e-07 9.0635760989e-06 2.06415745497e-05 8.57007275925e-07
450 4050 2.24669647734e-05 0 0 1.96352996601e-05 2.20249363753e-07 1.24928553536e-06 1.31483624044e-07 8.31518254297e-06 2.01272597193e-05 8.32186069365e-07
451 4059 2.47597021193e-05 0 0 2.34886680422e-05 2.50612518984e-07 1.42151361535e-06 1.48138617652e-07 9.00004472473e-06 2.44788015487e-05 9.64053196932e-07
452 4068 2.93854218243e-05 0 0 2.8010604413e-05 3.33317843199e-07 1.89062873691e-06 1.82399546961e-07 1.06327458215e-05 3.17511856947e-05 1.18541407429e-06
453 4077 3.0945045789e-05 0 0 2.95906532543e-05 3.46383537188e-07 1.96473988393e-06 1.93389938105e-07 1.08969221937e-05 3.36082367598e-05 1.24050571904e-06
454 4086 2.52280902971e-05 0 0 2.39586239632e-05 2.77676369218e-07 1.5750252785e-06 1.55519342067e-07 8.71077856873e-06 2.70267701695e-05 1.00717119813e-06
455 4095 2.48151394359e-05 0 0 2.38834604208e-05 2.71250351786e-07 1.53857631997e-06 1.51784496016e-07 8.83720773871e-06 2.65233663771e-05 9.84346064111e-07
456 4104 2.62348306864e-05 0 0 2.56537864421e-05 3.18912730463e-07 1.80892368395e-06 1.53261753072e-07 9.99472987598e-06 2.81778810256e-05 1.04931912415e-06
457 4113 2.82874182193e-05 0 0 2.71900358423e-05 3.52798586302e-07 2.0011341951e-06 1.61286916126e-07 1.13940662706e-05 2.99570554175e-05 1.11299498612e-06
458 4122 3.70855876643e-05 0 0 3.49184671729e-05 4.91475288069e-07 2.7877318593e-06 2.11936718097e-07 1.65050465906e-05 3.91002409438e-05 1.44507387432e-06
459 4131 4.18296686686e-05 0 0 3.81193562368e-05 5.48047128873e-07 3.10861597772e-06 2.32868181264e-07 1.90584551694e-05 4.31662679366e-05 1.62019681658e-06
460 4140 4.54482006349e-05 0 0 4.2718223553e-05 6.24856462836e-07 3.5442995539e-06 2.41411507733e-07 2.15010158745e-05 4.7484997945e-05 1.78230883798e-06
461 4149 3.89004493543e-05 0 0 3.63122283099e-05 5.38002774304e-07 3.05164824355e-06 2.02141659373e-07 1.80918728332e-05 4.03997365506e-05 1.51198196198e-06
462 4158 3.44967606113e-05 0 0 3.17309034194e-05 4.80893122593e-07 2.72771807416e-06 1.7397032616e-07 1.61099112665e-05 3.58031379734e-05 1.32524631628e-06
463 4167 3.23318916803e-05 0 0 2.97601135401e-05 4.53153838988e-07 2.57037719365e-06 1.56898386034e-07 1.53418934684e-05 3.33263993047e-05 1.22891783256e-06
464 4176 3.09066312178e-05 0 0 2.9071424211e-05 4.2628461512e-07 2.41796942493e-06 1.49742645273e-07 1.45771307723e-05 3.3186719086e-05 1.23296389715e-06
465 4185 2.95803150881e-05 0 0 2.73752533412e-05 4.01673134164e-07 2.27836662182e-06 1.41081654031e-07 1.4008309361e-05 3.12198537924e-05 1.19420985609e-06
466 4194 2.6245920344e-05 0 0 2.3976358517e-05 3.54081572198e-07 2.00841687392e-06 1.19297863375e-07 1.21928485065e-05 2.71938115141e-05 1.05404768012e-06
467 4203 2.99128895528e-05 0 0 2.72157330515e-05 4.05803578086e-07 2.30179251091e-06 1.33930614363e-07 1.41945085048e-05 3.12236936864e-05 1.20601977198e-06
468 4212 2.98803260605e-05 0 0 2.84318842888e-05 4.26056917394e-07 2.41666939424e-06 1.35008623053e-07 1.4321149057e-05 3.21635107331e-05 1.2127691022e-06
469 4221 2.8699733449e-05 0 0 2.70404533922e-05 4.10913527477e-07 2.33077344073e-06 1.3053291393e-07 1.3847770373e-05 3.0626324607e-05 1.1716831445e-06
470 4230 2.79237073606e-05 0 0 2.66724915097e-05 3.99060742073e-07 2.26354037519e-06 1.26219082894e-07 1.34987366549e-05 3.05283737191e-05 1.15362285331e-06
471 4239 2.85599053629e-05 0 0 2.73501312618e-05 4.14136930731e-07 2.34905367676e-06 1.31992956189e-07 1.33699736938e-05 3.21169056162e-05 1.19572314214e-06
472 4248 2.71916083737e-05 0 0 2.66101135982e-05 4.03513559352e-07 2.288794173e-06 1.27845474391e-07 1.27513084441e-05 3.07353649687e-05 1.13630103069e-06
473 4257 2.5867407762e-05 0 0 2.48638681961e-05 3.74925070331e-07 2.12663547736e-06 1.18074099362e-07 1.1868859696e-05 2.88685067502e-05 1.09246353042e-06
474 4266 2.52660154786e-05 0 0 2.37074058432e-05 3.94040181891e-07 2.23505826966e-06 1.09376101283e-07 1.273249752e-05 2.77882877484e-05 1.04728947493e-06
475 4275 2.34126520346e-05 0 0 2.20411506761e-05 3.58944013611e-07 2.03598757051e-06 9.94323348592e-08 1.15918598509e-05 2.53123113215e-05 9.54247894869e-07
476 4284 1.98624760559e-05 0 0 1.84160067396e-05 3.06470835369e-07 1.73834999596e-06 8.18184720765e-08 9.73931244836e-06 2.12607862727e-05 7.93758095804e-07
477 4293 1.73378025935e-05 0 0 1.57766313936e-05 2.54220675159e-07 1.44197897276e-06 7.07628274666e-08 8.17136847557e-06 1.81812054161e-05 6.83163819204e-07
478 4302 1.79300412528e-05 0 0 1.58995446208e-05 2.56334243472e-07 1.45396668499e-06 7.71808448773e-08 8.33446215463e-06 1.82173154477e-05 6.88967026638e-07
479 4311 1.74526847096e-05 0 0 1.49733938175e-05 2.43799253951e-07 1.38286681493e-06 7.30186337042e-08 7.9487379753e-06 1.70002916673e-05 6.47822247331e-07
480 4320 1.97631118439e-05 0 0 1.77513543624e-05 2.89789707931e-07 1.64373294603e-06 9.03448331309e-08 9.06468530775e-06 1.99305225124e-05 7.40927505589e-07
481 4329 1.85786079082e-05 0 0 1.63974349186e-05 2.68997510648e-07 1.52579624038e-06 8.44538830275e-08 8.35350483699e-06 1.84715072857e-05 6.82149529818e-07
482 4338 2.10845007337e-05 0 0 1.82212273527e-05 3.16065811158e-07 1.79277484483e-06 9.95588721307e-08 9.43518639158e-06 2.09424107461e-05 7.61881220775e-07
483 4347 2.3870881437e-05 0 0 2.00195424512e-05 3.61435882539e-07 2.05012006239e-06 1.15771731501e-07 1.04757571571e-05 2.32975048902e-05 8.59138373436e-07
484 4356 2.15856305447e-05 0 0 1.73015887677e-05 3.25165604914e-07 1.84439001551e-06 1.00618851578e-07 9.50715384439e-06 2.02386410823e-05 7.56517145598e-07
485 4365 2.21467913871e-05 0 0 1.78012674294e-05 3.3106458279e-07 1.87785061975e-06 1.05978694955e-07 9.58301216395e-06 2.06186032004e-05 7.62136670394e-07
486 4374 1.99192858926e-05 0 0 1.59412722425e-05 2.89826772475e-07 1.64394301182e-06 9.43979989445e-08 8.50003674868e-06 1.82241449097e-05 6.75238653653e-07
487 4383 1.87489214188e-05 0 0 1.48195613829e-05 2.69161976313e-07 1.52672804962e-06 8.66709403869e-08 7.87303472788e-06 1.77079488494e-05 6.53091550126e-07
488 4392 1.81809087042e-05 0 0 1.42529911198e-05 2.57576553137e-07 1.46101263492e-06 8.14564143685e-08 7.52518736328e-06 1.68956880247e-05 6.25946278475e-07
489 4401 1.87507693438e-05 0 0 1.48293070401e-05 2.6922558603e-07 1.52708849518e-06 8.46771601148e-08 8.22659126539e-06 1.72256588659e-05 6.30459897278e-07
490 4410 2.13727799848e-05 0 0 1.76241959285e-05 3.08727607972e-07 1.75114984006e-06 1.0078847272e-07 9.86557012905e-06 2.01795245464e-05 7.13698296977e-07
491 4419 2.04857112632e-05 0 0 1.67473548381e-05 2.91432021523e-07 1.65304656104e-06 9.54630790755e-08 9.43396843661e-06 1.93492342969e-05 6.79627759982e-07
492 4428 1.89667104537e-05 0 0 1.49455781012e-05 2.64888604389e-07 1.50248900272e-06 8.60545626396e-08 8.4402917482e-06 1.71191388261e-05 5.98754409243e-07
493 4437 1.77871103632e-05 0 0 1.40809085826e-05 2.43331751129e-07 1.38021433736e-06 7.86813520875e-08 7.90115890943e-06 1.60732132506e-05 5.62658641725e-07
494 4446 1.78517030877e-05 0 0 1.36788385259e-05 2.45941933991e-07 1.3950189336e-06 7.88398633799e-08 7.89393414433e-06 1.58580164895e-05 5.54993710557e-07
495 4455 1.76335686466e-05 0 0 1.42538738335e-05 2.51137351613e-07 1.42448782112e-06 7.64927439521e-08 7.77176967144e-06 1.58207679438e-05 5.56976810207e-07
496 4464 1.66933571455e-05 0 0 1.33808950373e-05 2.37961149626e-07 1.3497499833e-06 7.51633757151e-08 7.20449933737e-06 1.47735500517e-05 5.19689081693e-07
497 4473 1.65864036569e-05 0 0 1.31602839722e-05 2.26638696175e-07 1.28552747064e-06 7.71995235157e-08 6.78065952966e-06 1.46772382884e-05 5.1637233237e-07
498 4482 1.68074292511e-05 0 0 1.3453430096e-05 2.26152444053e-07 1.28277007178e-06 8.07347943399e-08 6.70219034495e-06 1.48959791063e-05 5.21322816194e-07
499 4491 1.77787924881e-05 0 0 1.41373210377e-05 2.37442661724e-07 1.34681046509e-06 8.73637338881e-08 6.98787246281e-06 1.59205354991e-05 5.73987776439e-07
500 4500 1.87516586614e-05 0 0 1.48934118571e-05 2.49579223398e-07 1.41565125007e-06 1.00616034595e-07 7.29755513335e-06 1.7388273448e-05 6.02921782844e-07
