%  columns="iteration, evaluation, min max(neg(.)) min(pos(.)) max correlation, correlation matrix principle axes lengths  (sorted square roots of eigenvalues of correlation matrix)", seed=305655, Mon Feb 22 19:32:43 2016
0 0 0.0 0 0 0.0 1 1 1 1 1 1 1
1 9 -0.0516434757034 -0.00280621026438 0.00303696122447 0.0611490166307 1 1 1 1 1 1 1
2 18 -0.111633274046 -0.00849841649349 0.00855801473338 0.104696939736 1 1 1 1 1 1 1
3 27 -0.115978652798 -0.00846511702055 0.0572449187015 0.149821400698 1 1 1 1 1 1 1
4 36 -0.103465722485 -0.00685699146899 0.00108867584221 0.202910942578 0.866507710335 0.913948544189 0.951281999622 0.969492481086 1.00272264848 1.04997453619 1.20876387124
5 45 -0.105770638723 -0.012019311926 0.015014534085 0.28224121728 0.866507710335 0.913948544189 0.951281999622 0.969492481086 1.00272264848 1.04997453619 1.20876387124
6 54 -0.13556027103 -0.00168496505431 0.00175649881828 0.27727663029 0.790223824488 0.906871835878 0.954690353861 0.972120678667 1.02970398855 1.07829349281 1.21394824198
7 63 -0.163103474571 -0.0155338469857 0.011650200461 0.25977023582 0.790223824488 0.906871835878 0.954690353861 0.972120678667 1.02970398855 1.07829349281 1.21394824198
8 72 -0.145428536165 -0.0154287224515 0.00550182508738 0.275618255311 0.782137846424 0.913348784626 0.930930036546 1.01262546912 1.04016172415 1.06186922258 1.20520149972
9 81 -0.127404469713 -0.00894775533272 0.00638525790054 0.228523181654 0.782137846424 0.913348784626 0.930930036546 1.01262546912 1.04016172415 1.06186922258 1.20520149972
10 90 -0.109286531738 -0.0198700364825 0.00625558088115 0.233598272641 0.857251502336 0.883903862104 0.906382875633 1.00365713297 1.03960471461 1.07270791495 1.19310352991
11 99 -0.105970139317 -0.00945040829136 0.0215289492287 0.301238867617 0.857251502336 0.883903862104 0.906382875633 1.00365713297 1.03960471461 1.07270791495 1.19310352991
12 108 -0.130820857312 -0.00822582171444 0.00593820186807 0.336320255146 0.782168693666 0.811450414056 0.888324118694 1.01226964287 1.02669440087 1.11542422824 1.27187978548
13 117 -0.183921527592 -0.0621911279855 0.00417771887508 0.365519041399 0.782168693666 0.811450414056 0.888324118694 1.01226964287 1.02669440087 1.11542422824 1.27187978548
14 126 -0.191044289773 -0.0308160073462 0.0240005177883 0.363073617048 0.756765686765 0.812865124593 0.839163858097 0.986782315877 1.02133835512 1.11983626286 1.33845260418
15 135 -0.185556598018 -0.00896422035789 0.0114285763879 0.381178314824 0.756765686765 0.812865124593 0.839163858097 0.986782315877 1.02133835512 1.11983626286 1.33845260418
16 144 -0.200881456084 -0.0531087006944 0.0284700467479 0.398411338314 0.735610464358 0.787898568589 0.832471573078 0.981609201827 1.02167968963 1.10796534266 1.38206763819
17 153 -0.277992009041 -0.00262563476313 0.000328530995727 0.41875766076 0.735610464358 0.787898568589 0.832471573078 0.981609201827 1.02167968963 1.10796534266 1.38206763819
18 162 -0.307997211511 -0.010839249772 0.00929965154719 0.409087189137 0.727109333294 0.749571997523 0.834221604763 0.910969481451 1.022900161 1.11317048081 1.44851285713
19 171 -0.286034451848 -0.00194628863905 0.00484366293238 0.426347493809 0.727109333294 0.749571997523 0.834221604763 0.910969481451 1.022900161 1.11317048081 1.44851285713
20 180 -0.290273615676 -0.00242677052115 0.00449050928875 0.434433953628 0.71042251667 0.744858641635 0.857748213077 0.942793138063 1.00062085829 1.11945532293 1.43578279398
21 189 -0.302440900876 -0.00118988317544 0.00177193126056 0.424731651344 0.71042251667 0.744858641635 0.857748213077 0.942793138063 1.00062085829 1.11945532293 1.43578279398
22 198 -0.304846901184 -0.00308374976073 0.0384263362114 0.422349732726 0.688993379812 0.751529704716 0.858118067246 0.928197708286 1.02553178156 1.14075713713 1.41757939517
23 207 -0.317999712381 -0.0135408774428 0.00435983681288 0.432709935157 0.688993379812 0.751529704716 0.858118067246 0.928197708286 1.02553178156 1.14075713713 1.41757939517
24 216 -0.313099045546 -0.016011349177 0.00114873202723 0.446683061932 0.656539667701 0.746620030114 0.866755667503 0.96754820654 1.00983647709 1.11882736871 1.43267403299
25 225 -0.308126843023 -0.0100705641979 0.0271796885996 0.453051766789 0.656539667701 0.746620030114 0.866755667503 0.96754820654 1.00983647709 1.11882736871 1.43267403299
26 234 -0.318854155296 -0.0125699058881 0.00269866726137 0.447355026933 0.649255348036 0.730560542076 0.869177422341 0.989667630874 1.00216579238 1.09383976558 1.4522450441
27 243 -0.312347431309 -0.00489736715512 0.141056057837 0.482198467985 0.649255348036 0.730560542076 0.869177422341 0.989667630874 1.00216579238 1.09383976558 1.4522450441
28 252 -0.308079007749 -0.010744579834 0.1621382374 0.479603979993 0.625476688838 0.740205945717 0.859790095794 0.966265661075 1.00413217654 1.09023544086 1.48022666798
29 261 -0.305394761187 -0.00667999242027 0.00035779971046 0.467033390128 0.625476688838 0.740205945717 0.859790095794 0.966265661075 1.00413217654 1.09023544086 1.48022666798
30 270 -0.299907833556 -0.00110703797534 0.0062805055454 0.453500692188 0.599966421736 0.792374872592 0.846121591984 0.994376772104 1.0058658212 1.10217193149 1.44254165414
31 279 -0.331798477156 -0.0140612884609 0.00411165362599 0.446167430295 0.599966421736 0.792374872592 0.846121591984 0.994376772104 1.0058658212 1.10217193149 1.44254165414
32 288 -0.372307149131 -0.00538690715285 0.0076612263908 0.453073103822 0.577567383087 0.79988204719 0.829877147589 0.962056577305 1.02196094641 1.1052591242 1.46504395256
33 297 -0.392685761097 -0.0188655547845 0.00109476247312 0.421468749368 0.577567383087 0.79988204719 0.829877147589 0.962056577305 1.02196094641 1.1052591242 1.46504395256
34 306 -0.429411405108 -0.0340634303932 0.0131882539793 0.425413305648 0.577046357892 0.795200834344 0.824543832903 0.956898123396 1.03310981681 1.12299309126 1.45283075627
35 315 -0.449271899516 -0.0425219229829 0.00012337347343 0.449318935452 0.577046357892 0.795200834344 0.824543832903 0.956898123396 1.03310981681 1.12299309126 1.45283075627
36 324 -0.460307978529 -0.0102324781402 0.010776629778 0.40990017612 0.572443648106 0.75432668418 0.849971551188 0.985120443419 1.09170534212 1.14532696856 1.38086609723
37 333 -0.456221747791 -0.00177348667525 0.0175070470481 0.451829720661 0.572443648106 0.75432668418 0.849971551188 0.985120443419 1.09170534212 1.14532696856 1.38086609723
38 342 -0.467851165624 -0.0323174206709 0.00156071537122 0.448103396276 0.54261802965 0.723105101233 0.821119114529 0.957061406315 1.12281238762 1.19854300084 1.37668753467
39 351 -0.466597305584 -0.0427946109183 0.00136886298679 0.439505805589 0.54261802965 0.723105101233 0.821119114529 0.957061406315 1.12281238762 1.19854300084 1.37668753467
40 360 -0.49077711196 -0.0183850775967 0.00287448388189 0.43908210208 0.532393490045 0.752724796542 0.807348351207 0.934617685549 1.10147990779 1.19991766774 1.40412982928
41 369 -0.492593970854 -0.00650020484299 0.0250555950522 0.422607200662 0.532393490045 0.752724796542 0.807348351207 0.934617685549 1.10147990779 1.19991766774 1.40412982928
42 378 -0.475551409845 -0.0212952681734 0.012071940401 0.43504080641 0.515359902122 0.748953050272 0.828422971318 0.944193925255 1.10781714616 1.22055560806 1.3706465227
43 387 -0.446136189532 -9.18023318576e-06 0.00296427616167 0.434200478447 0.515359902122 0.748953050272 0.828422971318 0.944193925255 1.10781714616 1.22055560806 1.3706465227
44 396 -0.438621719948 -0.0124345892483 0.0170783310667 0.473391927215 0.512052576567 0.746763728968 0.796786428304 0.9673302663 1.1099321494 1.18665957532 1.40336713355
45 405 -0.472837565094 -0.00097665118135 0.00105035404703 0.454592513144 0.512052576567 0.746763728968 0.796786428304 0.9673302663 1.1099321494 1.18665957532 1.40336713355
46 414 -0.546815315573 -0.014368735175 0.0205280028037 0.440391011201 0.478862119476 0.731955741264 0.761244653978 0.959498649249 1.07740251015 1.23043049077 1.43528583242
47 423 -0.603463829205 -0.0177917103808 0.0239024442531 0.450513194359 0.478862119476 0.731955741264 0.761244653978 0.959498649249 1.07740251015 1.23043049077 1.43528583242
48 432 -0.628374956152 -0.0812052524076 0.00676327383857 0.488044475196 0.438871571196 0.70338994827 0.73722640822 0.934268274269 1.10061913922 1.19575568028 1.50169244616
49 441 -0.627949086649 -0.0504102984151 0.0201508048107 0.486037258403 0.438871571196 0.70338994827 0.73722640822 0.934268274269 1.10061913922 1.19575568028 1.50169244616
50 450 -0.640970591627 -0.00407694795508 0.00225602154679 0.503837171937 0.411094598468 0.696425022486 0.715395741178 0.933719291195 1.08766782378 1.19632821814 1.5323668417
51 459 -0.651068881094 -0.118228440741 0.0148603286703 0.533695845085 0.411094598468 0.696425022486 0.715395741178 0.933719291195 1.08766782378 1.19632821814 1.5323668417
52 468 -0.637731801364 -0.0214800934131 0.0283023357144 0.513307323171 0.42334007541 0.666972160548 0.73263536517 0.941332177284 1.06490130818 1.20290670781 1.54015295586
53 477 -0.642817262888 -0.113897197284 0.00581900141049 0.517115322348 0.42334007541 0.666972160548 0.73263536517 0.941332177284 1.06490130818 1.20290670781 1.54015295586
54 486 -0.660060700313 -0.0904236955246 0.0151440068304 0.541537234479 0.411309519558 0.646480307831 0.715359052388 0.888970994701 1.01543982119 1.21351832027 1.61466248589
55 495 -0.676460141067 -0.112734802135 0.0415291206498 0.537414123177 0.411309519558 0.646480307831 0.715359052388 0.888970994701 1.01543982119 1.21351832027 1.61466248589
56 504 -0.60640846485 -0.103677248024 0.031314456045 0.571309529514 0.415188000658 0.641618936689 0.747751447958 0.852945049857 1.01530909332 1.21022971397 1.62289496352
57 513 -0.604207502342 -0.151850030488 0.0245919600744 0.548028013539 0.415188000658 0.641618936689 0.747751447958 0.852945049857 1.01530909332 1.21022971397 1.62289496352
58 522 -0.599442630008 -0.00017624066529 0.0390699465788 0.524353754449 0.394896950222 0.625326118862 0.777813004139 0.877555072032 0.962964418961 1.24258209742 1.61450206841
59 531 -0.628903167511 -0.157680128812 0.0319781163997 0.562403443556 0.394896950222 0.625326118862 0.777813004139 0.877555072032 0.962964418961 1.24258209742 1.61450206841
60 540 -0.656812590349 -0.100243366414 0.0379201505051 0.584586675739 0.400417373855 0.591163164777 0.71512911361 0.888869027012 0.976357241988 1.19937730895 1.67239793405
61 549 -0.634440125792 -0.0894003512387 0.0262784530501 0.603527845469 0.400417373855 0.591163164777 0.71512911361 0.888869027012 0.976357241988 1.19937730895 1.67239793405
62 558 -0.648842916401 -0.0168519118988 0.00834703092713 0.635195851447 0.372298281793 0.566080719483 0.658535537842 0.861719457093 0.988560531619 1.15981839159 1.74421515443
63 567 -0.654745294327 -0.00610034556248 0.00788425285354 0.669368335916 0.372298281793 0.566080719483 0.658535537842 0.861719457093 0.988560531619 1.15981839159 1.74421515443
64 576 -0.68418818588 -0.0264829601252 0.0080533913956 0.669243998596 0.357316637995 0.521647726179 0.62355596372 0.836206936783 0.979522735314 1.17122389318 1.78351175831
65 585 -0.655155681552 -0.0077866466906 0.0222781238443 0.672563213515 0.357316637995 0.521647726179 0.62355596372 0.836206936783 0.979522735314 1.17122389318 1.78351175831
66 594 -0.608443094275 -0.0284088176036 0.0897450141362 0.63147353312 0.351984185811 0.553872642666 0.64285834661 0.837518265447 0.924455075801 1.20961051627 1.77111652401
67 603 -0.593665668116 -0.0450914718891 0.0830475756882 0.638143333949 0.351984185811 0.553872642666 0.64285834661 0.837518265447 0.924455075801 1.20961051627 1.77111652401
68 612 -0.572541199023 -0.0321718815451 0.0595773963465 0.638662857145 0.36470095735 0.559657014963 0.628485007316 0.84059477106 0.929373938494 1.20173737998 1.77321053904
69 621 -0.575066775032 -0.0247724914318 0.0534940272297 0.61259178147 0.36470095735 0.559657014963 0.628485007316 0.84059477106 0.929373938494 1.20173737998 1.77321053904
70 630 -0.574229576337 -0.0220624276329 0.0928597982518 0.621326207137 0.363208191657 0.550640791774 0.661574325875 0.838734591805 0.936448331095 1.17255828689 1.78098001416
71 639 -0.55945531656 -0.00158257956587 0.0720922005253 0.615100498372 0.363208191657 0.550640791774 0.661574325875 0.838734591805 0.936448331095 1.17255828689 1.78098001416
72 648 -0.574209352562 -0.0127758660603 0.0778028592511 0.629131408959 0.342693400691 0.542435086968 0.667825589709 0.842994884452 0.913554396664 1.18677653023 1.78568581999
73 657 -0.629899195561 -0.0479445391821 0.145965067947 0.677472005668 0.342693400691 0.542435086968 0.667825589709 0.842994884452 0.913554396664 1.18677653023 1.78568581999
74 666 -0.612140088095 -0.0422372036861 0.14313023113 0.676791472405 0.3115826603 0.516634812589 0.614360197439 0.795134014845 0.900596644244 1.16928353947 1.85688714013
75 675 -0.661447594516 -0.0537010530917 0.0166945401589 0.698659390464 0.3115826603 0.516634812589 0.614360197439 0.795134014845 0.900596644244 1.16928353947 1.85688714013
76 684 -0.674184369492 -0.0353609810693 0.133685518339 0.715840122336 0.318540488205 0.501821275924 0.552984044739 0.746657752044 0.973523015326 1.12603675318 1.8888388976
77 693 -0.686427489415 -0.0375264210506 0.139507019315 0.728959302041 0.318540488205 0.501821275924 0.552984044739 0.746657752044 0.973523015326 1.12603675318 1.8888388976
78 702 -0.700165603921 -0.00678421221924 0.13589367341 0.734394930754 0.304107949665 0.504108122617 0.602179503776 0.749179747605 0.98497905948 1.11609012265 1.87447645949
79 711 -0.718634350386 -0.0428530095644 0.0207031146775 0.741386294085 0.304107949665 0.504108122617 0.602179503776 0.749179747605 0.98497905948 1.11609012265 1.87447645949
80 720 -0.723016692291 -0.0754064132848 0.0163311084996 0.753992248309 0.301106517828 0.484816751662 0.566247998063 0.68814665614 1.02860592203 1.10458980011 1.89788202932
81 729 -0.719940481346 -0.0296947751642 0.0787967240789 0.779708010692 0.301106517828 0.484816751662 0.566247998063 0.68814665614 1.02860592203 1.10458980011 1.89788202932
82 738 -0.711706135793 -0.140993665859 0.00983126897555 0.778229467178 0.302331244754 0.463554920878 0.520565779942 0.714805813549 0.998881803101 1.07453646531 1.9389128654
83 747 -0.701126576732 -0.129844536726 0.0481833212968 0.786912336887 0.302331244754 0.463554920878 0.520565779942 0.714805813549 0.998881803101 1.07453646531 1.9389128654
84 756 -0.685560798438 -0.0998312780687 0.0869655660402 0.774251599829 0.293558843985 0.447055652369 0.506793936294 0.806795369841 0.984769127688 1.09482613569 1.90729942167
85 765 -0.710811384008 -0.11534915847 0.0678101670347 0.779530091255 0.293558843985 0.447055652369 0.506793936294 0.806795369841 0.984769127688 1.09482613569 1.90729942167
86 774 -0.718412196554 -0.146236638678 0.0754590422818 0.789429955618 0.28711708862 0.434037810665 0.514053879515 0.83183625223 0.980201752621 1.08529387488 1.90638761643
87 783 -0.72534044328 -0.00786406510526 0.127316765173 0.808336629997 0.28711708862 0.434037810665 0.514053879515 0.83183625223 0.980201752621 1.08529387488 1.90638761643
88 792 -0.753807248266 -0.00486000013712 0.141853959667 0.829741106722 0.27119195994 0.379894603407 0.487392099349 0.801378546897 0.997911432192 1.07623504546 1.93604423443
89 801 -0.758073162331 -0.00420726778141 0.153689724194 0.832768269237 0.27119195994 0.379894603407 0.487392099349 0.801378546897 0.997911432192 1.07623504546 1.93604423443
90 810 -0.751695845524 -0.0112408964792 0.161425513378 0.841587281988 0.267462364664 0.390416851413 0.511657318722 0.86954487924 0.98647532135 1.08391715593 1.90003344609
91 819 -0.779880994065 -0.134653694318 0.02784955468 0.866703152462 0.267462364664 0.390416851413 0.511657318722 0.86954487924 0.98647532135 1.08391715593 1.90003344609
92 828 -0.779373858607 -0.12347309391 0.0380188624396 0.874527961194 0.270146518212 0.357223325504 0.517264287264 0.831768194657 0.955602971843 1.09056189837 1.93326392092
93 837 -0.775119491638 -0.135961249884 0.0732333330163 0.883471275731 0.270146518212 0.357223325504 0.517264287264 0.831768194657 0.955602971843 1.09056189837 1.93326392092
94 846 -0.787728325372 -0.0715452401066 0.157167323314 0.888693488619 0.272356938203 0.347682969444 0.489799693536 0.836583495467 0.916700386876 1.10619326307 1.94965623425
95 855 -0.788027462855 -0.0650444024317 0.142412576791 0.895155491397 0.272356938203 0.347682969444 0.489799693536 0.836583495467 0.916700386876 1.10619326307 1.94965623425
96 864 -0.795302845765 -0.100715579033 0.150303309106 0.898744088689 0.270682571306 0.339823538004 0.464895007458 0.786085310934 0.976895830118 1.11341760758 1.94503706721
97 873 -0.797866042791 -0.117895007377 0.104258052176 0.898757494593 0.270682571306 0.339823538004 0.464895007458 0.786085310934 0.976895830118 1.11341760758 1.94503706721
98 882 -0.813271903382 -0.114996808274 0.0973708070268 0.908299938705 0.261450127023 0.310424678996 0.466808375549 0.791943763987 0.972278094434 1.08499430134 1.96663622414
99 891 -0.823350319471 -0.113537470137 0.092329229986 0.91670090996 0.261450127023 0.310424678996 0.466808375549 0.791943763987 0.972278094434 1.08499430134 1.96663622414
100 900 -0.78405280574 -0.1149170613 0.162507972459 0.92475320563 0.248617918798 0.289548453339 0.468788525584 0.831066947954 0.962302327269 1.05697837992 1.97501564683
101 909 -0.829762570462 -0.106611086168 0.138643764597 0.933335277163 0.248617918798 0.289548453339 0.468788525584 0.831066947954 0.962302327269 1.05697837992 1.97501564683
102 918 -0.839385799887 -0.0792759266267 0.141454430892 0.933338190737 0.217717699496 0.266388031551 0.426990693702 0.73431089551 0.897140184446 1.0494039431 2.06252120713
103 927 -0.837542871275 -0.0744722336809 0.170182195753 0.934404147772 0.217717699496 0.266388031551 0.426990693702 0.73431089551 0.897140184446 1.0494039431 2.06252120713
104 936 -0.833400088624 -0.092900373057 0.170524322716 0.931177479789 0.222469681697 0.274507834104 0.419411315889 0.687482470494 0.911290400413 1.04717200141 2.07354655028
105 945 -0.861075353112 -0.0859167844791 0.159564156711 0.944588488771 0.222469681697 0.274507834104 0.419411315889 0.687482470494 0.911290400413 1.04717200141 2.07354655028
106 954 -0.862235028791 -0.0889734356545 0.158515682022 0.949296413067 0.204465110846 0.246283820229 0.381455332458 0.661506877837 0.863005735196 1.04668725435 2.11520818617
107 963 -0.854395473307 -0.109275944372 0.0927178402012 0.951182409603 0.204465110846 0.246283820229 0.381455332458 0.661506877837 0.863005735196 1.04668725435 2.11520818617
108 972 -0.863348852716 -0.155218594834 0.0208997774059 0.953907092145 0.199022317059 0.229465375702 0.355663197401 0.661095546187 0.885569089597 1.06857310447 2.10193031175
109 981 -0.879117797515 -0.0694814565916 0.121644157585 0.960922053768 0.199022317059 0.229465375702 0.355663197401 0.661095546187 0.885569089597 1.06857310447 2.10193031175
110 990 -0.892642355291 -0.0309723960957 0.174449027328 0.967461140377 0.169881223211 0.20394884856 0.272990085557 0.584420210097 0.781617269652 1.02703034432 2.20176242679
111 999 -0.894880876412 -0.0263642329191 0.180112298181 0.970404419202 0.169881223211 0.20394884856 0.272990085557 0.584420210097 0.781617269652 1.02703034432 2.20176242679
112 1008 -0.895083972847 -0.0672346097873 0.122748723496 0.968906711362 0.159076031712 0.204317529313 0.261299582896 0.553684459218 0.752725804679 1.03230571653 2.21942649834
113 1017 -0.914675945792 -0.106983508633 0.0765294031991 0.974232244309 0.159076031712 0.204317529313 0.261299582896 0.553684459218 0.752725804679 1.03230571653 2.21942649834
114 1026 -0.904637923524 -0.122453343223 0.0675988038817 0.975213279566 0.145665441817 0.184672415042 0.258876152335 0.536156469656 0.732600782813 1.04339533553 2.22818745235
115 1035 -0.908343993064 -0.093272452435 0.100323662898 0.977454023073 0.145665441817 0.184672415042 0.258876152335 0.536156469656 0.732600782813 1.04339533553 2.22818745235
116 1044 -0.90972424454 -0.103713039051 0.0958493173786 0.977305788306 0.139041260163 0.183581243979 0.255533811201 0.543371873531 0.732707832587 1.04038140357 2.22871279002
117 1053 -0.899508235142 -0.00341762152517 0.0112780020804 0.976785798583 0.139041260163 0.183581243979 0.255533811201 0.543371873531 0.732707832587 1.04038140357 2.22871279002
118 1062 -0.894853229503 -0.0271442328555 0.137196971294 0.975843907057 0.146825715833 0.182665180706 0.244295715261 0.523941775085 0.786015845812 1.05666203397 2.20828546544
119 1071 -0.897078811644 -0.0554234290848 0.148936759667 0.97540706227 0.146825715833 0.182665180706 0.244295715261 0.523941775085 0.786015845812 1.05666203397 2.20828546544
120 1080 -0.902637466449 -0.0171633969498 0.159342350127 0.976618169842 0.143802785705 0.175795787388 0.268296177627 0.557263687747 0.917322935076 1.07993726977 2.13498128083
121 1089 -0.902540795734 -0.114364770626 0.0271873486355 0.974316294321 0.143802785705 0.175795787388 0.268296177627 0.557263687747 0.917322935076 1.07993726977 2.13498128083
122 1098 -0.904109803437 -0.106816580592 0.0356140604822 0.976306067026 0.146646259224 0.174258282973 0.264846433829 0.555456347434 0.947970178903 1.08011221969 2.12230150328
123 1107 -0.901580034146 -0.104512996399 0.00605703392224 0.977742508018 0.146646259224 0.174258282973 0.264846433829 0.555456347434 0.947970178903 1.08011221969 2.12230150328
124 1116 -0.904865072914 -0.145266271816 0.0163948388782 0.977266033019 0.14390600667 0.177713557444 0.269808238532 0.550775593576 1.02191691147 1.07224554758 2.09225572635
125 1125 -0.907465867248 -0.0906179629515 0.0202189224341 0.979474199619 0.14390600667 0.177713557444 0.269808238532 0.550775593576 1.02191691147 1.07224554758 2.09225572635
126 1134 -0.917370922033 -0.0706825905522 0.0959062768703 0.981762501587 0.130469121349 0.177462162348 0.266054507594 0.498631442742 0.977071638866 1.25051173777 2.02820563031
127 1143 -0.924823573293 -0.0807199871747 0.13867438167 0.985894763595 0.130469121349 0.177462162348 0.266054507594 0.498631442742 0.977071638866 1.25051173777 2.02820563031
128 1152 -0.928178979995 -0.0137651216598 0.0880988669945 0.987465030083 0.111042362658 0.168538581705 0.275585160622 0.49100214422 0.961262913524 1.33571564183 1.98344936639
129 1161 -0.929422665628 -0.0621935450826 0.0206172430257 0.988218583268 0.111042362658 0.168538581705 0.275585160622 0.49100214422 0.961262913524 1.33571564183 1.98344936639
130 1170 -0.930009021919 -0.0512319559069 0.165528738236 0.987483581736 0.108585992807 0.171170348036 0.278101364339 0.462760452841 0.963410531266 1.45603667487 1.90242464719
131 1179 -0.923949188447 -0.0666108971097 0.10540583815 0.988418858996 0.108585992807 0.171170348036 0.278101364339 0.462760452841 0.963410531266 1.45603667487 1.90242464719
132 1188 -0.930295809409 -0.00156685286646 0.0141887492469 0.987646154427 0.104204629438 0.167986029556 0.254877731941 0.38683678869 0.985289582621 1.56891645663 1.82044563782
133 1197 -0.932214125285 -0.0842236486535 0.050645602103 0.987592062528 0.104204629438 0.167986029556 0.254877731941 0.38683678869 0.985289582621 1.56891645663 1.82044563782
134 1206 -0.93178566807 -0.0403489354366 0.036565791839 0.987194681745 0.101439425278 0.168323896534 0.242902318947 0.339691803995 0.956462555413 1.55607417377 1.85763225543
135 1215 -0.932417337782 -0.0214777961481 0.0170523686405 0.986941760467 0.101439425278 0.168323896534 0.242902318947 0.339691803995 0.956462555413 1.55607417377 1.85763225543
136 1224 -0.939211578442 -0.278429304251 0.00716654582584 0.986256341923 0.103301716723 0.175025461693 0.244937939159 0.357057571964 0.928802060837 1.5302481582 1.88861786645
137 1233 -0.93914921514 -0.00970687985889 0.0370618603527 0.986117165612 0.103301716723 0.175025461693 0.244937939159 0.357057571964 0.928802060837 1.5302481582 1.88861786645
138 1242 -0.932431555992 -0.0154010792249 0.0523599817987 0.985797098626 0.105284471475 0.184080755911 0.246559317617 0.371469692078 0.946629812645 1.53709224995 1.87015711615
139 1251 -0.92897869999 -0.251829320036 0.00159285733178 0.984282153841 0.105284471475 0.184080755911 0.246559317617 0.371469692078 0.946629812645 1.53709224995 1.87015711615
140 1260 -0.932679857118 -0.241495272752 0.00447475081656 0.984035252817 0.110562193583 0.190237017039 0.249477477434 0.392077791507 0.943309369022 1.54304140802 1.8614006876
141 1269 -0.929972032148 -0.267327513932 0.00928711965835 0.983593802528 0.110562193583 0.190237017039 0.249477477434 0.392077791507 0.943309369022 1.54304140802 1.8614006876
142 1278 -0.925583200291 -0.22825067675 0.00653747066292 0.982225212161 0.116172921199 0.193868270272 0.244835753655 0.406131544478 0.958837159458 1.54199899294 1.85118934091
143 1287 -0.896185392072 -0.00858661784265 0.00791262901962 0.980243458947 0.116172921199 0.193868270272 0.244835753655 0.406131544478 0.958837159458 1.54199899294 1.85118934091
144 1296 -0.884004486268 -0.0229242962858 0.0622378259453 0.97736482089 0.130562785534 0.20473426411 0.26689992452 0.411711674155 1.03904555241 1.4498738497 1.87577859242
145 1305 -0.873176523776 -0.0338039323873 0.051206298534 0.974236775022 0.130562785534 0.20473426411 0.26689992452 0.411711674155 1.03904555241 1.4498738497 1.87577859242
146 1314 -0.87776618369 -0.0136958299646 0.0513819757717 0.975084352117 0.135894213505 0.215721085069 0.281492121528 0.426946770341 1.03429210834 1.44653462517 1.87383383197
147 1323 -0.874867351712 -0.00264749195372 0.0614974360263 0.975420509047 0.135894213505 0.215721085069 0.281492121528 0.426946770341 1.03429210834 1.44653462517 1.87383383197
148 1332 -0.868760657442 -0.00138191131716 0.0726402200664 0.973864632402 0.142806757648 0.213991057572 0.266109028808 0.393451267183 1.00085397627 1.44576091839 1.90164739829
149 1341 -0.864625962182 -0.00783881202106 0.0265477877792 0.974618676342 0.142806757648 0.213991057572 0.266109028808 0.393451267183 1.00085397627 1.44576091839 1.90164739829
150 1350 -0.861542412579 -0.0252263198522 0.000697310463918 0.97298474681 0.147444432162 0.216106338244 0.25237248293 0.392678622785 0.989587898097 1.45920398604 1.89871254753
151 1359 -0.866857322787 -0.0529491670368 0.00884259947595 0.972964971713 0.147444432162 0.216106338244 0.25237248293 0.392678622785 0.989587898097 1.45920398604 1.89871254753
152 1368 -0.874500209267 -0.0156391377622 0.0299911171429 0.972641090171 0.144218648966 0.217735281711 0.244982317078 0.400366468964 0.963164667716 1.44989988155 1.9187461634
153 1377 -0.865266393808 -0.0222736868143 0.00264871226514 0.970122728894 0.144218648966 0.217735281711 0.244982317078 0.400366468964 0.963164667716 1.44989988155 1.9187461634
154 1386 -0.861658043707 -0.0102489336621 0.0839470283571 0.969649037559 0.151908872117 0.211099364045 0.240376314076 0.410301439206 0.965460669591 1.38546972798 1.96331149796
155 1395 -0.858543732884 -0.0128018348815 0.035690293199 0.968055881218 0.151908872117 0.211099364045 0.240376314076 0.410301439206 0.965460669591 1.38546972798 1.96331149796
156 1404 -0.836813043036 -0.00789397269959 0.169135423015 0.966128081538 0.160662814476 0.216636713657 0.243403067892 0.424797399934 1.02957672059 1.33724105162 1.95941732568
157 1413 -0.842235289514 -0.00472835407413 0.184010819155 0.969148773578 0.160662814476 0.216636713657 0.243403067892 0.424797399934 1.02957672059 1.33724105162 1.95941732568
158 1422 -0.823733166504 -0.0210246185316 0.159445187026 0.969235833239 0.159018800756 0.214953718851 0.230058340666 0.429513370393 1.03322008352 1.31454996779 1.97370564814
159 1431 -0.811255162471 -0.0438234861895 0.0466628679628 0.967262213675 0.159018800756 0.214953718851 0.230058340666 0.429513370393 1.03322008352 1.31454996779 1.97370564814
160 1440 -0.805909148001 -0.0373683336139 0.0582362589133 0.967868690752 0.158733728685 0.213771983004 0.222516324758 0.404760774876 1.00925853255 1.35732879405 1.96336855998
161 1449 -0.782540070752 -0.0262781048428 0.0729631271338 0.969911410311 0.158733728685 0.213771983004 0.222516324758 0.404760774876 1.00925853255 1.35732879405 1.96336855998
162 1458 -0.755828063087 -0.0142671173895 0.0296912233224 0.970062475806 0.15597257554 0.220204090893 0.224331896904 0.41582296744 1.06416277932 1.3849560712 1.91138782924
163 1467 -0.759277084483 -0.0399222399366 0.110807557661 0.971381472459 0.15597257554 0.220204090893 0.224331896904 0.41582296744 1.06416277932 1.3849560712 1.91138782924
164 1476 -0.757999390138 -0.0451831399603 0.129991029168 0.968917516957 0.161955952543 0.21994255913 0.22196616801 0.423325926106 1.02289926046 1.38851388656 1.92941131189
165 1485 -0.756985829738 -0.0272151712166 0.125850739396 0.968268942918 0.161955952543 0.21994255913 0.22196616801 0.423325926106 1.02289926046 1.38851388656 1.92941131189
166 1494 -0.746537747795 -0.0165690800767 0.120570295133 0.969497289882 0.158684139068 0.221097556295 0.245757032161 0.419734491905 1.03520470371 1.40100564113 1.91177824734
167 1503 -0.720629481122 -0.0419798521767 0.0178013002202 0.966968336379 0.158684139068 0.221097556295 0.245757032161 0.419734491905 1.03520470371 1.40100564113 1.91177824734
168 1512 -0.708860235917 -0.0193589086543 0.034662849501 0.967170427201 0.162283655717 0.231513735755 0.244217207924 0.428372098084 1.05019088806 1.42354199099 1.88349356375
169 1521 -0.678208415769 -0.0805617136066 0.0195966815609 0.967645512333 0.162283655717 0.231513735755 0.244217207924 0.428372098084 1.05019088806 1.42354199099 1.88349356375
170 1530 -0.670189138164 -0.094033299573 0.0710874282438 0.970643087476 0.15270147628 0.216196786597 0.22904561891 0.389446534056 1.03952571078 1.49787421787 1.84433452341
171 1539 -0.677369086812 -0.0288213837358 0.13974644333 0.974989027692 0.15270147628 0.216196786597 0.22904561891 0.389446534056 1.03952571078 1.49787421787 1.84433452341
172 1548 -0.648628063613 -0.0103875954122 0.0248433613041 0.975690682337 0.146205018223 0.211352123908 0.224848586258 0.414085834932 1.0366811726 1.58870668104 1.76443578374
173 1557 -0.623656724013 -0.00728149367392 0.0131695070726 0.974132228025 0.146205018223 0.211352123908 0.224848586258 0.414085834932 1.0366811726 1.58870668104 1.76443578374
174 1566 -0.633753115122 -0.0118770464794 0.142852956111 0.976471937069 0.142237545791 0.21833187162 0.221974600582 0.432260119422 1.05345952478 1.54806672782 1.78597048579
175 1575 -0.621474327629 -0.00651250205268 0.0069883328292 0.976435262809 0.142237545791 0.21833187162 0.221974600582 0.432260119422 1.05345952478 1.54806672782 1.78597048579
176 1584 -0.644557886104 -0.0346170189077 0.0234545687929 0.976996307384 0.142702996388 0.212004728413 0.240396339229 0.427435227424 1.04882683306 1.53784177114 1.79699848012
177 1593 -0.640505731441 -0.046003080787 0.0176901597438 0.97599876069 0.142702996388 0.212004728413 0.240396339229 0.427435227424 1.04882683306 1.53784177114 1.79699848012
178 1602 -0.648103991464 -0.0508748173754 0.0756421042142 0.974766587869 0.146986979794 0.209641348284 0.228720352574 0.438082323695 1.0034015374 1.54421868434 1.81625720109
179 1611 -0.61467314964 -0.025535164184 0.0612954291898 0.972927510972 0.146986979794 0.209641348284 0.228720352574 0.438082323695 1.0034015374 1.54421868434 1.81625720109
180 1620 -0.565211648742 -0.00266771992589 0.032744817232 0.973451110222 0.146138895016 0.215158825632 0.235834196579 0.483344483506 1.05339855066 1.52235747061 1.79329018015
181 1629 -0.570612627329 -0.00705503100204 0.0376474771084 0.975022789658 0.146138895016 0.215158825632 0.235834196579 0.483344483506 1.05339855066 1.52235747061 1.79329018015
182 1638 -0.592266311904 -0.019803374958 0.00955149417584 0.976808756215 0.140477330805 0.216957547835 0.242489820053 0.518028264099 1.04803478953 1.52222961298 1.786191768
183 1647 -0.579305140218 -0.0119155429468 0.0172770481711 0.980617470765 0.140477330805 0.216957547835 0.242489820053 0.518028264099 1.04803478953 1.52222961298 1.786191768
184 1656 -0.5609493783 -0.179723320458 0.0529738000043 0.981505278704 0.128551841441 0.196436286929 0.219783236296 0.497930937311 1.04273119976 1.57352955624 1.7565203388
185 1665 -0.56047827326 -0.139997403499 0.0349660342101 0.982749140985 0.128551841441 0.196436286929 0.219783236296 0.497930937311 1.04273119976 1.57352955624 1.7565203388
186 1674 -0.553885332506 -0.123336141976 0.0677191075788 0.983125013406 0.122541709458 0.202885482283 0.23376077093 0.535133863214 1.04151870622 1.58178932182 1.73666058483
187 1683 -0.526041730306 -0.103721080188 0.0660881532842 0.982752338982 0.122541709458 0.202885482283 0.23376077093 0.535133863214 1.04151870622 1.58178932182 1.73666058483
188 1692 -0.484560966571 -0.0521567474007 0.0220837384892 0.983221030865 0.123929623262 0.203189681807 0.218410843231 0.510802595831 1.05800814496 1.55345404078 1.76128706397
189 1701 -0.472466806766 -0.015842037738 0.0259741192952 0.982282396656 0.123929623262 0.203189681807 0.218410843231 0.510802595831 1.05800814496 1.55345404078 1.76128706397
190 1710 -0.462524959321 -0.0292324136783 0.0150086431893 0.981754065237 0.129223734587 0.208309503504 0.222461639985 0.539637128042 1.06696846921 1.54172371454 1.75609716123
191 1719 -0.434616132346 -0.0239196272488 0.00950463715478 0.983252439122 0.129223734587 0.208309503504 0.222461639985 0.539637128042 1.06696846921 1.54172371454 1.75609716123
192 1728 -0.428551903396 -0.00548474131096 0.0160843570504 0.983904891814 0.122591921876 0.214533703085 0.235221566101 0.517380582096 1.07868230256 1.53334367145 1.76103274655
193 1737 -0.414294048205 -0.345306272858 0.0474783252838 0.984786730795 0.122591921876 0.214533703085 0.235221566101 0.517380582096 1.07868230256 1.53334367145 1.76103274655
194 1746 -0.419857288168 -0.00627120872063 0.067821147327 0.985907837021 0.115186499948 0.210737713943 0.232702020334 0.503426202492 1.07005830155 1.53784283139 1.76769572375
195 1755 -0.430129962865 -0.407103167504 0.000335885815608 0.987869512594 0.115186499948 0.210737713943 0.232702020334 0.503426202492 1.07005830155 1.53784283139 1.76769572375
196 1764 -0.436002723037 -0.414821235085 0.0720441839395 0.988057387278 0.105376612212 0.215843210342 0.228933526786 0.47789790739 1.04325555996 1.51126708585 1.81361521289
197 1773 -0.471838930773 -0.426383362394 0.01488557192 0.989787505263 0.105376612212 0.215843210342 0.228933526786 0.47789790739 1.04325555996 1.51126708585 1.81361521289
198 1782 -0.454038892043 -0.00598580115065 0.00820253205322 0.989694299816 0.0994799946938 0.213872902807 0.230019203295 0.480259777021 1.02644585197 1.5590410605 1.78230292303
199 1791 -0.434008288496 -0.381251824008 0.015731456155 0.990468477237 0.0994799946938 0.213872902807 0.230019203295 0.480259777021 1.02644585197 1.5590410605 1.78230292303
200 1800 -0.401335394397 -0.388160451117 0.054496026237 0.9906293187 0.0949128978858 0.216989424267 0.263861667111 0.48408559755 1.05186666108 1.53031597474 1.78652031368
201 1809 -0.422102528242 -0.403334971636 0.0490310003166 0.99091362455 0.0949128978858 0.216989424267 0.263861667111 0.48408559755 1.05186666108 1.53031597474 1.78652031368
202 1818 -0.44028351021 -0.422770864507 0.0330891950671 0.990752967689 0.0938435427221 0.21827490577 0.267708599328 0.544845424788 1.02103735434 1.55024448368 1.76896856552
203 1827 -0.452403751795 -0.421300189113 0.0291987445184 0.991077278592 0.0938435427221 0.21827490577 0.267708599328 0.544845424788 1.02103735434 1.55024448368 1.76896856552
204 1836 -0.45853091467 -0.425879219245 0.0448351919353 0.991299097653 0.0903827364418 0.243841466984 0.265908308523 0.545909688888 1.02189390652 1.54930934601 1.76607504856
205 1845 -0.452795338006 -0.440672400299 0.0235256672881 0.992201433103 0.0903827364418 0.243841466984 0.265908308523 0.545909688888 1.02189390652 1.54930934601 1.76607504856
206 1854 -0.460034603675 -0.420309778717 0.0116293922331 0.99273013824 0.0820459921416 0.250698718175 0.272857541454 0.58639500261 1.03955397899 1.55718975208 1.73395382627
207 1863 -0.447283326771 -0.00080975236671 0.130059811143 0.993400400059 0.0820459921416 0.250698718175 0.272857541454 0.58639500261 1.03955397899 1.55718975208 1.73395382627
208 1872 -0.477717339865 -0.00575020783078 0.1302343461 0.993602735455 0.0776751206772 0.244877217368 0.27371120648 0.612526964397 1.07667747222 1.53759412643 1.72060005247
209 1881 -0.481136209162 -0.0450588344409 0.103790984346 0.994064958736 0.0776751206772 0.244877217368 0.27371120648 0.612526964397 1.07667747222 1.53759412643 1.72060005247
210 1890 -0.481810574532 -0.0302782162118 0.0963340696795 0.994372849869 0.0738440017883 0.247820986827 0.27451382191 0.633446880527 1.06082738134 1.55916269229 1.70299031089
211 1899 -0.506244954002 -0.0574985429224 0.0968962655276 0.994484112576 0.0738440017883 0.247820986827 0.27451382191 0.633446880527 1.06082738134 1.55916269229 1.70299031089
212 1908 -0.48917556144 -0.0583519956555 0.0942137190833 0.994656373841 0.0725723906063 0.244025953177 0.281984218539 0.652130171395 1.05472435026 1.57198628097 1.68724965544
213 1917 -0.512130896914 -0.0559806736044 0.0868033543212 0.99466190211 0.0725723906063 0.244025953177 0.281984218539 0.652130171395 1.05472435026 1.57198628097 1.68724965544
214 1926 -0.518954960151 -0.063441480463 0.0788183320098 0.994870795888 0.0712639369679 0.230466687139 0.296289284968 0.643000520426 1.09217207513 1.55612244168 1.68113433507
215 1935 -0.498222148382 -0.0268254279633 0.123440880383 0.995197972204 0.0712639369679 0.230466687139 0.296289284968 0.643000520426 1.09217207513 1.55612244168 1.68113433507
216 1944 -0.512846192983 -0.320141344979 0.0313415854878 0.995850776541 0.064010148403 0.212341236695 0.276130733364 0.611174764291 1.05611276071 1.51159042908 1.76089503863
217 1953 -0.496814835587 -0.309641076546 0.0483982328482 0.995980735336 0.064010148403 0.212341236695 0.276130733364 0.611174764291 1.05611276071 1.51159042908 1.76089503863
218 1962 -0.499128742472 -0.0278685676492 0.156587802364 0.996471700817 0.0589078363872 0.224143527031 0.281950835908 0.624321826225 1.07324273702 1.51739257461 1.73858716534
219 1971 -0.509367910452 -0.0711909865574 0.0981584201907 0.996620071079 0.0589078363872 0.224143527031 0.281950835908 0.624321826225 1.07324273702 1.51739257461 1.73858716534
220 1980 -0.558705756048 -0.0487378609107 0.120795367933 0.997010057194 0.0541467651981 0.212347150209 0.307049774116 0.633859027795 1.05246125013 1.54021729433 1.72510173264
221 1989 -0.569617450452 -0.094107555608 0.105840565531 0.997334275063 0.0541467651981 0.212347150209 0.307049774116 0.633859027795 1.05246125013 1.54021729433 1.72510173264
222 1998 -0.519344877729 -0.0910729178583 0.0891126244662 0.997506488488 0.0492119805121 0.215923376345 0.298183184846 0.633312138171 1.0844336216 1.5439010327 1.70332942264
223 2007 -0.526480128987 -0.0751060257938 0.0893125272593 0.997796781341 0.0492119805121 0.215923376345 0.298183184846 0.633312138171 1.0844336216 1.5439010327 1.70332942264
224 2016 -0.547331440406 -0.130041521833 0.0276866571605 0.9978062314 0.0458621563335 0.210840172559 0.290268930664 0.61482767313 1.08673896062 1.58321897453 1.67439244941
225 2025 -0.569720623238 -0.0871605177599 0.0564702952002 0.998119978756 0.0458621563335 0.210840172559 0.290268930664 0.61482767313 1.08673896062 1.58321897453 1.67439244941
226 2034 -0.578852490522 -0.0490511751632 0.0651779028295 0.998246217808 0.0412154251002 0.209388357144 0.288360501551 0.618836106586 1.05933604987 1.57661140161 1.69718930021
227 2043 -0.570283431888 -0.0372903412795 0.0609078998758 0.998236839909 0.0412154251002 0.209388357144 0.288360501551 0.618836106586 1.05933604987 1.57661140161 1.69718930021
228 2052 -0.551576682431 -0.0803255619576 0.0250373931907 0.998195000037 0.0420880457214 0.20803974845 0.291687628616 0.619808754698 1.08459289711 1.57518363479 1.68171289423
229 2061 -0.542562891859 -0.0852276797645 0.0144754937664 0.998345878463 0.0420880457214 0.20803974845 0.291687628616 0.619808754698 1.08459289711 1.57518363479 1.68171289423
230 2070 -0.54146414637 -0.00766331481973 0.0648315219452 0.998469234694 0.0384854007728 0.201913287995 0.312380781396 0.61157355951 1.09551698003 1.57822674111 1.67188182204
231 2079 -0.529909480834 -0.0299938260844 0.0438634195709 0.998665096995 0.0384854007728 0.201913287995 0.312380781396 0.61157355951 1.09551698003 1.57822674111 1.67188182204
232 2088 -0.552070131442 -0.0355774551812 0.0724408962873 0.998935788292 0.0323576480355 0.193970765812 0.31808754041 0.612008448151 1.1350925163 1.60338438552 1.62059180313
233 2097 -0.583171736704 -0.024326418807 0.0126955169533 0.99908747787 0.0323576480355 0.193970765812 0.31808754041 0.612008448151 1.1350925163 1.60338438552 1.62059180313
234 2106 -0.594594626879 -0.00578928147886 0.17718573184 0.999175679589 0.0283819427588 0.183557174085 0.329708844131 0.592418212323 1.08029592573 1.57666997315 1.68905490662
235 2115 -0.615182478614 -0.0598198072494 0.109332271777 0.999226346954 0.0283819427588 0.183557174085 0.329708844131 0.592418212323 1.08029592573 1.57666997315 1.68905490662
236 2124 -0.621829844464 -0.039687408585 0.119755967569 0.999270505286 0.0266249817728 0.171057484754 0.33028661242 0.621864934331 0.995718136541 1.55596112048 1.74978729807
237 2133 -0.667887754902 -0.117121745482 0.0810292892351 0.99936368059 0.0266249817728 0.171057484754 0.33028661242 0.621864934331 0.995718136541 1.55596112048 1.74978729807
238 2142 -0.679565486882 -0.11333121691 0.035542446954 0.999420961078 0.0236108855477 0.161068328513 0.350843538532 0.58234727716 0.884454741718 1.49617971015 1.86827890441
239 2151 -0.712587038776 -0.0202059896812 0.143530467267 0.999555540672 0.0236108855477 0.161068328513 0.350843538532 0.58234727716 0.884454741718 1.49617971015 1.86827890441
240 2160 -0.729523622769 -0.0398678211007 0.110591170288 0.999563239308 0.0202757237737 0.150320932862 0.347608630929 0.571054486684 0.816752640659 1.41210810207 1.9669578941
241 2169 -0.730156908078 -0.0724783920039 0.0068868350894 0.999582626921 0.0202757237737 0.150320932862 0.347608630929 0.571054486684 0.816752640659 1.41210810207 1.9669578941
242 2178 -0.717454680169 -0.0780659353668 0.00550077394656 0.999617137444 0.0189831336758 0.151556512055 0.321978126316 0.548953169332 0.85862056186 1.41162059577 1.96003795695
243 2187 -0.725860737036 -0.0554683472074 0.115178200905 0.999716543856 0.0189831336758 0.151556512055 0.321978126316 0.548953169332 0.85862056186 1.41162059577 1.96003795695
244 2196 -0.725689201452 -0.0653474470093 0.0660739039064 0.999752915105 0.0154051956988 0.146051449036 0.294565316955 0.508354260477 0.889253156573 1.28261420782 2.04874803026
245 2205 -0.73522760055 -0.0611546808721 0.0771357984329 0.999760830621 0.0154051956988 0.146051449036 0.294565316955 0.508354260477 0.889253156573 1.28261420782 2.04874803026
246 2214 -0.740812934446 -0.115228450727 0.0344481522712 0.999768095264 0.0148903074989 0.145491312566 0.371144871582 0.516101494737 0.88887368425 1.26644375314 2.04463323893
247 2223 -0.756168304494 -0.0976541649568 0.0128619432961 0.999769013747 0.0148903074989 0.145491312566 0.371144871582 0.516101494737 0.88887368425 1.26644375314 2.04463323893
248 2232 -0.741847892308 -0.0775158656842 0.046509350646 0.999734495168 0.016053513315 0.150009511894 0.390364668596 0.513095444279 0.946416226342 1.2685229173 2.01413352498
249 2241 -0.732261281 -0.0850353426468 0.0455236385946 0.999728789214 0.016053513315 0.150009511894 0.390364668596 0.513095444279 0.946416226342 1.2685229173 2.01413352498
250 2250 -0.729841011047 -0.0146897446578 0.440288945563 0.999734481924 0.0159918688399 0.163834355183 0.402119659217 0.537992045817 0.997883205323 1.24687997815 1.99280865392
251 2259 -0.735096628036 -0.0356074404768 0.428812003515 0.999760865134 0.0159918688399 0.163834355183 0.402119659217 0.537992045817 0.997883205323 1.24687997815 1.99280865392
252 2268 -0.734200439429 -0.0441805684537 0.412390563134 0.999768932175 0.0149293865461 0.159052860585 0.410911825405 0.538476876677 1.02128673056 1.19411302939 2.01165129012
253 2277 -0.735638955781 -0.0351157922066 0.350499560441 0.999796063806 0.0149293865461 0.159052860585 0.410911825405 0.538476876677 1.02128673056 1.19411302939 2.01165129012
254 2286 -0.7178934968 -0.00856551788796 0.344185138317 0.999807547907 0.0134901942221 0.152167347767 0.360492861587 0.505362231026 1.02938197413 1.17245048262 2.03888441121
255 2295 -0.711074121476 -0.0230614835334 0.341889882952 0.999815711095 0.0134901942221 0.152167347767 0.360492861587 0.505362231026 1.02938197413 1.17245048262 2.03888441121
256 2304 -0.677486955149 -0.0102011671336 0.0387738746316 0.999820440623 0.0129833728219 0.155299578698 0.365841639175 0.541647739143 1.02597710991 1.16201198034 2.03607225366
257 2313 -0.68013514768 -0.119950992441 0.0291603966948 0.99982328736 0.0129833728219 0.155299578698 0.365841639175 0.541647739143 1.02597710991 1.16201198034 2.03607225366
258 2322 -0.670530337195 -0.103806887832 0.0589880723221 0.999828976833 0.0124958575535 0.150394341407 0.350682673592 0.543373674076 0.966553483415 1.22532035636 2.03060495822
259 2331 -0.674733216046 -0.109347025884 0.0626815899119 0.999847242928 0.0124958575535 0.150394341407 0.350682673592 0.543373674076 0.966553483415 1.22532035636 2.03060495822
260 2340 -0.691620622574 -0.157598593122 0.052603848146 0.999863171168 0.0111814934252 0.150913230875 0.334959231377 0.54323791777 0.946590337637 1.19499279927 2.06052274711
261 2349 -0.684552706201 -0.1570260189 0.0870781665822 0.999864153655 0.0111814934252 0.150913230875 0.334959231377 0.54323791777 0.946590337637 1.19499279927 2.06052274711
262 2358 -0.677576303354 -0.156567017082 0.120159293924 0.999862561625 0.0111496045988 0.156094363718 0.382330796471 0.536692980447 0.948977777615 1.20322907799 2.04767551292
263 2367 -0.66273398403 -0.134165244494 0.141942933285 0.99987534085 0.0111496045988 0.156094363718 0.382330796471 0.536692980447 0.948977777615 1.20322907799 2.04767551292
264 2376 -0.663761012013 -0.129087685858 0.196562705293 0.999884232978 0.00999912914537 0.155483070233 0.348276713401 0.528061818571 0.985413283539 1.21722120543 2.03049557415
265 2385 -0.702313379374 -0.251902731361 0.0512851867524 0.999896411459 0.00999912914537 0.155483070233 0.348276713401 0.528061818571 0.985413283539 1.21722120543 2.03049557415
266 2394 -0.69445955443 -0.223222455599 0.0358639343626 0.999895027463 0.00975426769719 0.14534799287 0.316666268404 0.546301243211 0.947348901405 1.14735801328 2.08953485008
267 2403 -0.673340722018 -0.222074890892 0.0149907044773 0.999893641184 0.00975426769719 0.14534799287 0.316666268404 0.546301243211 0.947348901405 1.14735801328 2.08953485008
268 2412 -0.71061054357 -0.0199558908638 0.00681376110773 0.999896365291 0.00960952709486 0.138851411878 0.299213827885 0.540076891989 0.979561267331 1.09515275105 2.10725322488
269 2421 -0.651229782635 -0.00738647045803 0.0292140456789 0.999895575349 0.00960952709486 0.138851411878 0.299213827885 0.540076891989 0.979561267331 1.09515275105 2.10725322488
270 2430 -0.628401613853 -0.159417429508 0.0392735694718 0.999890622658 0.00994424326981 0.144572749575 0.312560218869 0.554606607929 0.99668590622 1.15419567666 2.0611081962
271 2439 -0.647716825919 -0.173181868693 0.0413072469767 0.999895789424 0.00994424326981 0.144572749575 0.312560218869 0.554606607929 0.99668590622 1.15419567666 2.0611081962
272 2448 -0.655189236913 -0.150311928692 0.0536910707472 0.999902328389 0.00945630054221 0.155090945514 0.301195311547 0.557200855813 0.993435622946 1.148013373 2.06635353366
273 2457 -0.666737780477 -0.0182135929494 0.0414432224118 0.999906927537 0.00945630054221 0.155090945514 0.301195311547 0.557200855813 0.993435622946 1.148013373 2.06635353366
274 2466 -0.675342330428 -0.0179711123654 0.0470823532135 0.99990432863 0.00939060320316 0.157698363138 0.299319020558 0.562154147622 0.993601322591 1.11368242171 2.08372305175
275 2475 -0.653274421586 -0.0287635912236 0.0341759429066 0.999900096417 0.00939060320316 0.157698363138 0.299319020558 0.562154147622 0.993601322591 1.11368242171 2.08372305175
276 2484 -0.679919398745 -0.0257170160174 0.0445037623974 0.99989605134 0.00979304656849 0.169703328972 0.328434729872 0.574469783528 0.981231744608 1.11413112564 2.08065279916
277 2493 -0.66552818239 -0.0122278231818 0.0882242572657 0.999890666056 0.00979304656849 0.169703328972 0.328434729872 0.574469783528 0.981231744608 1.11413112564 2.08065279916
278 2502 -0.668707288455 -0.159411798068 0.00231705917043 0.999888425978 0.010164279397 0.176690588216 0.337448875751 0.587005445268 0.986481442627 1.1294550669 2.06431964631
279 2511 -0.660165274861 -0.158920417042 0.00543862279132 0.999887762957 0.010164279397 0.176690588216 0.337448875751 0.587005445268 0.986481442627 1.1294550669 2.06431964631
280 2520 -0.692941298 -0.0289554383633 0.121942177623 0.999900829202 0.00952143082361 0.172072099398 0.343963622308 0.584601235767 0.97390882642 1.12859906327 2.07074786221
281 2529 -0.710572681821 -0.173933286981 0.00993067182499 0.99990389913 0.00952143082361 0.172072099398 0.343963622308 0.584601235767 0.97390882642 1.12859906327 2.07074786221
282 2538 -0.706713509507 -0.167693959985 0.0127801174024 0.9999084557 0.00910322073655 0.169834686902 0.34656448415 0.595777325926 0.974005131517 1.13512660289 2.06369022528
283 2547 -0.703104099094 -0.148372518939 0.0220466228733 0.999907729482 0.00910322073655 0.169834686902 0.34656448415 0.595777325926 0.974005131517 1.13512660289 2.06369022528
284 2556 -0.66682341925 -0.0263881957469 0.0368195306287 0.999887050083 0.00958954679531 0.169899645568 0.35873107665 0.581865239558 1.0578149075 1.15815381047 2.01084419621
285 2565 -0.667517607132 -0.0646767330767 0.0247064364537 0.999887321903 0.00958954679531 0.169899645568 0.35873107665 0.581865239558 1.0578149075 1.15815381047 2.01084419621
286 2574 -0.650016393885 -0.038415028774 0.0442729996273 0.99988736417 0.00987450238693 0.168576053627 0.36010231236 0.585934940121 1.0126455645 1.19226943483 2.01284220306
287 2583 -0.654906450755 -0.0617796854826 0.0793708449925 0.999891114248 0.00987450238693 0.168576053627 0.36010231236 0.585934940121 1.0126455645 1.19226943483 2.01284220306
288 2592 -0.65986264679 -0.0730042785889 0.0712716039853 0.999893193775 0.00975131606618 0.166692001049 0.384669763792 0.605080150278 0.984054122737 1.19630933109 2.01457373681
289 2601 -0.675511436266 -0.0957535141219 0.0537725854304 0.999903814677 0.00975131606618 0.166692001049 0.384669763792 0.605080150278 0.984054122737 1.19630933109 2.01457373681
290 2610 -0.683739716033 -0.162526787734 0.0102043825392 0.999917299172 0.00869050377209 0.167752894635 0.411113615803 0.55173838653 0.955349997025 1.12846843563 2.07658834683
291 2619 -0.67670945666 -0.0021336224065 0.0371263212836 0.999923604859 0.00869050377209 0.167752894635 0.411113615803 0.55173838653 0.955349997025 1.12846843563 2.07658834683
292 2628 -0.688750908346 -0.00768910075756 0.354214376271 0.999930471288 0.00794125750508 0.168671381056 0.409086175212 0.564988555635 0.945666420427 1.10572690832 2.08997759806
293 2637 -0.675989000399 -0.0261880299961 0.0227454787312 0.999934482445 0.00794125750508 0.168671381056 0.409086175212 0.564988555635 0.945666420427 1.10572690832 2.08997759806
294 2646 -0.694184393539 -0.191783698388 0.0156177018204 0.999941843612 0.00731756749453 0.163079434591 0.418669311897 0.562647916971 0.977201220899 1.09559016593 2.07996510601
295 2655 -0.682374424735 -0.00381130017195 0.0390563172839 0.99994676431 0.00731756749453 0.163079434591 0.418669311897 0.562647916971 0.977201220899 1.09559016593 2.07996510601
296 2664 -0.673695644283 -0.00306588448923 0.0327776980681 0.99994247522 0.00741498599334 0.162058686729 0.434687983572 0.558060571558 0.99339817295 1.09308330674 2.07162393063
297 2673 -0.657596295866 -0.137149284752 0.0051160369634 0.999941537145 0.00741498599334 0.162058686729 0.434687983572 0.558060571558 0.99339817295 1.09308330674 2.07162393063
298 2682 -0.628430287079 -0.110361621201 0.0269359400248 0.999944112083 0.00732674995614 0.168025780671 0.467914662722 0.587385626485 1.03104171696 1.1244892509 2.01995657193
299 2691 -0.609177521625 -0.142553429111 0.0729048505089 0.9999445931 0.00732674995614 0.168025780671 0.467914662722 0.587385626485 1.03104171696 1.1244892509 2.01995657193
300 2700 -0.619493968431 -0.128405378568 0.0720725989242 0.999937812275 0.00770152120396 0.172673643855 0.457586965037 0.600631472076 1.01632948952 1.14028022339 2.01663479201
301 2709 -0.628276672369 -0.143505985949 0.0853287247486 0.999935438369 0.00770152120396 0.172673643855 0.457586965037 0.600631472076 1.01632948952 1.14028022339 2.01663479201
302 2718 -0.627846272097 -0.139299964855 0.114244303538 0.999938507681 0.00753753430389 0.175485737008 0.462127572833 0.596467805522 0.988263265039 1.16145896527 2.01845510132
303 2727 -0.570527381109 -0.0973339900051 0.11235219027 0.999941507286 0.00753753430389 0.175485737008 0.462127572833 0.596467805522 0.988263265039 1.16145896527 2.01845510132
304 2736 -0.595203954109 -0.0979651501664 0.095661971157 0.999945788904 0.00711058010833 0.168117159086 0.454185889131 0.62272456482 1.00940429895 1.17845491062 1.99247643395
305 2745 -0.579714110044 -0.127538110364 0.0881072369163 0.999948226105 0.00711058010833 0.168117159086 0.454185889131 0.62272456482 1.00940429895 1.17845491062 1.99247643395
306 2754 -0.62792529734 -0.111672597798 0.0504117854484 0.999956133118 0.00643604416927 0.166131595032 0.453985988926 0.681094735156 0.992640499497 1.15219808786 1.99736575498
307 2763 -0.647585204496 -0.147059629589 0.0255401786968 0.99996272392 0.00643604416927 0.166131595032 0.453985988926 0.681094735156 0.992640499497 1.15219808786 1.99736575498
308 2772 -0.653369102425 -0.152205495798 0.0182937543255 0.999968290305 0.005490408091 0.163611422302 0.439969011195 0.707829724987 1.00025676812 1.15929098743 1.98346573245
309 2781 -0.650915013727 -0.164074270647 0.0572124101291 0.999969649913 0.005490408091 0.163611422302 0.439969011195 0.707829724987 1.00025676812 1.15929098743 1.98346573245
310 2790 -0.644216050587 -0.149789132142 0.0976019566275 0.999970606592 0.00528833903511 0.160290865233 0.436967947793 0.675589343987 0.999593225773 1.16722662914 1.99130919299
311 2799 -0.622935021705 -0.164943715845 0.0382326874585 0.999972007846 0.00528833903511 0.160290865233 0.436967947793 0.675589343987 0.999593225773 1.16722662914 1.99130919299
312 2808 -0.625645810193 -0.140173531041 0.0465545020238 0.999972849658 0.00506980013216 0.156177174568 0.460857881761 0.699415349763 1.01819789081 1.15693717078 1.97453300976
313 2817 -0.631514152791 -0.147835267121 0.0891974044071 0.999975709463 0.00506980013216 0.156177174568 0.460857881761 0.699415349763 1.01819789081 1.15693717078 1.97453300976
314 2826 -0.672160679817 -0.186857019547 0.0872268277535 0.999978507453 0.0045380472484 0.153790862096 0.449322062481 0.676405512604 0.974811374404 1.14814225597 2.0120698765
315 2835 -0.667570040657 -0.222527755006 0.111183629515 0.999979670018 0.0045380472484 0.153790862096 0.449322062481 0.676405512604 0.974811374404 1.14814225597 2.0120698765
316 2844 -0.677644242457 -0.241173492495 0.0948942376188 0.999980627641 0.00431097158383 0.159418885362 0.460575240785 0.683699396797 0.940879220976 1.15070854484 2.02128888417
317 2853 -0.684343063897 -0.215825622947 0.109434100032 0.999982485072 0.00431097158383 0.159418885362 0.460575240785 0.683699396797 0.940879220976 1.15070854484 2.02128888417
318 2862 -0.673480874542 -0.20756880204 0.110060028848 0.999983609742 0.00388926927844 0.158801661833 0.453663182557 0.67916574936 0.971975428739 1.15638521748 2.00642156642
319 2871 -0.673068107989 -0.203449866862 0.118624490247 0.999985118429 0.00388926927844 0.158801661833 0.453663182557 0.67916574936 0.971975428739 1.15638521748 2.00642156642
320 2880 -0.664424841639 -0.206725683258 0.124604276949 0.999986102413 0.00359601042125 0.163689942507 0.466073534385 0.68897580551 0.962866403584 1.16974976391 1.99646043038
321 2889 -0.66542741301 -0.199846385672 0.156340328814 0.999986553 0.00359601042125 0.163689942507 0.466073534385 0.68897580551 0.962866403584 1.16974976391 1.99646043038
322 2898 -0.654702156164 -0.204449092858 0.142608103269 0.999987871517 0.00338367588558 0.15296970451 0.449818471986 0.701492977416 0.956589256459 1.21864140663 1.9702816757
323 2907 -0.634365884287 -0.165321120745 0.175345745419 0.999988374652 0.00338367588558 0.15296970451 0.449818471986 0.701492977416 0.956589256459 1.21864140663 1.9702816757
324 2916 -0.618086163353 -0.131646220436 0.171762521461 0.99998841698 0.00329443214787 0.14982853242 0.474472439852 0.664381525466 0.955725936149 1.30639623632 1.9211794447
325 2925 -0.612222406077 -0.0725138545313 0.13222642974 0.999989060323 0.00329443214787 0.14982853242 0.474472439852 0.664381525466 0.955725936149 1.30639623632 1.9211794447
326 2934 -0.600417691713 -0.103642280924 0.0941589056635 0.999989455626 0.00313040856626 0.146627060657 0.493371541056 0.678906279429 0.974361615312 1.30193568448 1.90518881162
327 2943 -0.587909795146 -0.114727105199 0.0795623933207 0.999989790449 0.00313040856626 0.146627060657 0.493371541056 0.678906279429 0.974361615312 1.30193568448 1.90518881162
328 2952 -0.669564227474 -0.0598549409592 0.212660907768 0.999991754621 0.00275063068586 0.130199228392 0.479880184427 0.647645834986 0.92574682394 1.25767707114 1.97346185133
329 2961 -0.690526234576 -0.0614599974702 0.21467637277 0.999993117828 0.00275063068586 0.130199228392 0.479880184427 0.647645834986 0.92574682394 1.25767707114 1.97346185133
330 2970 -0.705936844723 -0.094118147274 0.210702147973 0.999993642244 0.00240790749553 0.128607725422 0.469006614785 0.609293896027 0.889567856629 1.26611237275 1.99946905115
331 2979 -0.716141458361 -0.0876429985351 0.13156067923 0.999994154483 0.00240790749553 0.128607725422 0.469006614785 0.609293896027 0.889567856629 1.26611237275 1.99946905115
332 2988 -0.701596165785 -0.213048012339 0.186948441375 0.999994554449 0.00223721786731 0.122511659126 0.440825710772 0.597135915155 0.888968521103 1.34988959051 1.95489650409
333 2997 -0.722384308767 -0.217334505258 0.179499141721 0.999995233184 0.00223721786731 0.122511659126 0.440825710772 0.597135915155 0.888968521103 1.34988959051 1.95489650409
334 3006 -0.714392840702 -0.201569855227 0.17048062612 0.999995145636 0.00211797718166 0.128841573085 0.452188755859 0.655372153263 0.874787011121 1.35854797594 1.93352091151
335 3015 -0.697653330141 -0.209878728489 0.204305735954 0.999995147258 0.00211797718166 0.128841573085 0.452188755859 0.655372153263 0.874787011121 1.35854797594 1.93352091151
336 3024 -0.715002404736 -0.180533454817 0.181321639865 0.999995306135 0.00210507286155 0.12247791733 0.446423824042 0.653036241931 0.860865962584 1.36572671081 1.93725179322
337 3033 -0.743385682167 -0.101965828432 0.0789257995558 0.999995745009 0.00210507286155 0.12247791733 0.446423824042 0.653036241931 0.860865962584 1.36572671081 1.93725179322
338 3042 -0.724297474718 -0.0765087630671 0.0542908635506 0.999995625225 0.00202856498794 0.114289852597 0.434370766072 0.626509447632 0.872233349821 1.38015381069 1.93394056435
339 3051 -0.720098820399 -0.100947242468 0.0954242964477 0.999995765215 0.00202856498794 0.114289852597 0.434370766072 0.626509447632 0.872233349821 1.38015381069 1.93394056435
340 3060 -0.723310626839 -0.117215728819 0.0868210824136 0.999996073518 0.00187507759313 0.120392368165 0.435879993966 0.650296019626 0.867795697756 1.37176350741 1.93334461134
341 3069 -0.720705269573 -0.12275264889 0.0605238446056 0.999995987883 0.00187507759313 0.120392368165 0.435879993966 0.650296019626 0.867795697756 1.37176350741 1.93334461134
342 3078 -0.708620872346 -0.0323027439326 0.0404516833362 0.999996272103 0.00177884928875 0.121130732417 0.469664723182 0.682996339031 0.873146559948 1.36719426724 1.91484990287
343 3087 -0.724144109347 -0.0755084623843 0.0856977786412 0.999996800877 0.00177884928875 0.121130732417 0.469664723182 0.682996339031 0.873146559948 1.36719426724 1.91484990287
344 3096 -0.731114638568 -0.0399757466811 0.0691483596669 0.999997224759 0.00153679451268 0.115132516871 0.462241028819 0.65421665105 0.877263733235 1.36333438822 1.92790135506
345 3105 -0.733331992882 -0.041867995523 0.0303952494217 0.999997264326 0.00153679451268 0.115132516871 0.462241028819 0.65421665105 0.877263733235 1.36333438822 1.92790135506
346 3114 -0.721194059141 -0.0474582941756 0.00192806939182 0.999997256118 0.00154850576646 0.114765970299 0.472489867301 0.659556935655 0.88478183768 1.35255098176 1.92777884872
347 3123 -0.721647761116 -0.000476229201319 0.0834550685727 0.999997378386 0.00154850576646 0.114765970299 0.472489867301 0.659556935655 0.88478183768 1.35255098176 1.92777884872
348 3132 -0.711527914066 -0.000254296584519 0.0400439659778 0.999997638087 0.00142009010053 0.111576352779 0.460595061592 0.725116924269 0.910778661298 1.33023675311 1.91064354264
349 3141 -0.741335515657 -0.0152844340692 0.0477617060194 0.999997895095 0.00142009010053 0.111576352779 0.460595061592 0.725116924269 0.910778661298 1.33023675311 1.91064354264
350 3150 -0.755629711371 -0.0248782864389 0.0548104588114 0.999998238519 0.00122847035471 0.109442938971 0.429006600384 0.701791760154 0.872982484203 1.29757855542 1.96612661621
351 3159 -0.74916612949 -0.0154904523327 0.0227390517103 0.99999817363 0.00122847035471 0.109442938971 0.429006600384 0.701791760154 0.872982484203 1.29757855542 1.96612661621
352 3168 -0.702797718196 -0.168736691926 0.00573791916527 0.999998291588 0.00120994443418 0.112823968904 0.464149502831 0.725010825067 0.911349439143 1.29847596309 1.93121624985
353 3177 -0.702718121938 -0.000908903398344 0.0279339140994 0.999998357845 0.00120994443418 0.112823968904 0.464149502831 0.725010825067 0.911349439143 1.29847596309 1.93121624985
354 3186 -0.679109525722 -0.107486971337 0.0241507319287 0.999998352747 0.00119091352395 0.108468712655 0.449997415708 0.732788702363 0.890107862408 1.33513569705 1.91673598271
355 3195 -0.673946768596 -0.104437608235 0.049235557715 0.99999845355 0.00119091352395 0.108468712655 0.449997415708 0.732788702363 0.890107862408 1.33513569705 1.91673598271
356 3204 -0.674431231771 -0.0894388134787 0.0130397309503 0.999998667308 0.00109118151775 0.10888940954 0.449050717158 0.715561376741 0.895525422289 1.35916307988 1.90398981502
357 3213 -0.682288924194 -0.11233531443 0.0174874960592 0.999998902907 0.00109118151775 0.10888940954 0.449050717158 0.715561376741 0.895525422289 1.35916307988 1.90398981502
358 3222 -0.648830872791 -0.0384034405564 0.0505067412537 0.999998853189 0.00102049910452 0.113421806863 0.481727319597 0.734214814093 0.917583619212 1.34837142965 1.88571913022
359 3231 -0.62434182031 -0.0123542814252 0.0759242248875 0.999998945416 0.00102049910452 0.113421806863 0.481727319597 0.734214814093 0.917583619212 1.34837142965 1.88571913022
360 3240 -0.63759007168 -0.0425918911371 0.0204347703195 0.999999005255 0.000950756482086 0.115903187577 0.516130839617 0.740675616406 0.921971202678 1.35732592781 1.86526393895
361 3249 -0.613404744559 -0.0770401037295 0.00715294534337 0.999999060898 0.000950756482086 0.115903187577 0.516130839617 0.740675616406 0.921971202678 1.35732592781 1.86526393895
362 3258 -0.61456720271 -0.0200328350146 0.0918937499518 0.99999923454 0.000832894675785 0.112862920944 0.487197467916 0.67430628037 0.993338765114 1.34129912743 1.87334078143
363 3267 -0.569576880968 -0.0317368494296 0.0707409669799 0.999999265049 0.000832894675785 0.112862920944 0.487197467916 0.67430628037 0.993338765114 1.34129912743 1.87334078143
364 3276 -0.540693268535 -0.0305950708532 0.1127329383 0.999999225028 0.000833895943559 0.114512985717 0.50108333145 0.705541278832 1.0567273689 1.34544114797 1.81965064358
365 3285 -0.532521040096 -0.0688546676198 0.0169260290774 0.999999250599 0.000833895943559 0.114512985717 0.50108333145 0.705541278832 1.0567273689 1.34544114797 1.81965064358
366 3294 -0.523887334158 -0.0195791237228 0.0789184062102 0.99999930532 0.000791521063435 0.117795498837 0.509524929876 0.690085381424 1.07873718522 1.37982538802 1.78401179646
367 3303 -0.533054390451 -0.0168138368751 0.0991520735095 0.999999337935 0.000791521063435 0.117795498837 0.509524929876 0.690085381424 1.07873718522 1.37982538802 1.78401179646
368 3312 -0.539985084856 -0.0240035382471 0.113643290908 0.999999342158 0.00077422614041 0.118448730683 0.541725770689 0.679263021025 1.07372591441 1.3556073333 1.80015156446
369 3321 -0.578824619702 -0.031919581875 0.126910249004 0.999999440098 0.00077422614041 0.118448730683 0.541725770689 0.679263021025 1.07372591441 1.3556073333 1.80015156446
370 3330 -0.633052586633 -0.0117606195998 0.102477032747 0.999999523213 0.000660070377307 0.110792296592 0.522916352208 0.677301582325 1.04082828613 1.35793107539 1.82434792729
371 3339 -0.652800946429 -0.0383803553519 0.11242635962 0.999999530293 0.000660070377307 0.110792296592 0.522916352208 0.677301582325 1.04082828613 1.35793107539 1.82434792729
372 3348 -0.657662256397 -0.0403060842358 0.0776313759124 0.999999518369 0.000668151503345 0.108197041611 0.510718135279 0.680575816705 1.0202229791 1.36248123165 1.8349568017
373 3357 -0.630299402483 -0.0579671501143 0.0244034672135 0.999999504009 0.000668151503345 0.108197041611 0.510718135279 0.680575816705 1.0202229791 1.36248123165 1.8349568017
374 3366 -0.628801553201 -0.0825600891187 0.0226534476273 0.999999537479 0.000658885585752 0.112382315846 0.56996433488 0.684981377412 1.06769430435 1.3381799063 1.80627084385
375 3375 -0.600256586539 -0.0270208815695 0.0305422057802 0.999999544035 0.000658885585752 0.112382315846 0.56996433488 0.684981377412 1.06769430435 1.3381799063 1.80627084385
376 3384 -0.575558043739 -0.0343793538526 0.0045419207752 0.999999579363 0.000625091361932 0.116016773833 0.561768907835 0.679789043015 1.08193297616 1.3681281547 1.77946302464
377 3393 -0.575695003712 -0.0168509015352 0.00935777533602 0.999999564324 0.000625091361932 0.116016773833 0.561768907835 0.679789043015 1.08193297616 1.3681281547 1.77946302464
378 3402 -0.570637557735 -0.073690121666 0.00770364900353 0.999999601884 0.00060627611297 0.116080885936 0.566271667202 0.695242048309 1.07266195445 1.39326879566 1.75803815318
379 3411 -0.529881130829 -0.0927644394418 0.0206109485309 0.999999622458 0.00060627611297 0.116080885936 0.566271667202 0.695242048309 1.07266195445 1.39326879566 1.75803815318
380 3420 -0.514709031242 -0.126703649732 0.0104051118457 0.999999648232 0.000573230425001 0.120390331461 0.563855700903 0.721417043493 1.10128194166 1.39849643462 1.7258377226
381 3429 -0.52260759419 -0.00621234624234 0.0262940902623 0.999999673237 0.000573230425001 0.120390331461 0.563855700903 0.721417043493 1.10128194166 1.39849643462 1.7258377226
382 3438 -0.525114143482 -0.0890734296016 0.00107635005804 0.999999675689 0.000546297778176 0.119376320511 0.573968605797 0.732953600009 1.10138971751 1.38278782614 1.7302966721
383 3447 -0.488626019337 -0.060766342703 0.023326907343 0.999999675147 0.000546297778176 0.119376320511 0.573968605797 0.732953600009 1.10138971751 1.38278782614 1.7302966721
384 3456 -0.48259108508 -0.0233136127338 0.0284981907537 0.999999680329 0.000528812226792 0.110888648248 0.615729297353 0.74880159092 1.11257535378 1.38220543004 1.70280981592
385 3465 -0.508447395725 -0.0593742122582 0.0274676416332 0.999999694511 0.000528812226792 0.110888648248 0.615729297353 0.74880159092 1.11257535378 1.38220543004 1.70280981592
386 3474 -0.514724999493 -0.133345311949 0.00592291246211 0.999999716521 0.000495435519059 0.104959749197 0.605824788986 0.749245295291 1.11698735734 1.37072124531 1.71290791618
387 3483 -0.504223268008 -0.00939628096769 0.0781948607593 0.999999726247 0.000495435519059 0.104959749197 0.605824788986 0.749245295291 1.11698735734 1.37072124531 1.71290791618
388 3492 -0.541302792068 -0.00326661729065 0.0644794499454 0.999999789793 0.000424706542121 0.114494625144 0.623809595012 0.755265512628 1.11247120341 1.36111184668 1.71379950912
389 3501 -0.54610603155 -0.17793169644 0.0192784056931 0.999999796652 0.000424706542121 0.114494625144 0.623809595012 0.755265512628 1.11247120341 1.36111184668 1.71379950912
390 3510 -0.561821905128 -0.185799214274 0.00735689130307 0.9999998118 0.000403695650609 0.113469163406 0.601904295497 0.798104238835 1.10926317453 1.3699601356 1.69723594868
391 3519 -0.559636532519 -0.00836190470539 0.0527149082604 0.999999824754 0.000403695650609 0.113469163406 0.601904295497 0.798104238835 1.10926317453 1.3699601356 1.69723594868
392 3528 -0.557899515637 -0.027724790887 0.0142224111572 0.999999850633 0.000363307655281 0.113085701065 0.625312367591 0.846553235716 1.11372995783 1.34681756541 1.68084252111
393 3537 -0.557157001976 -0.0623725797058 0.0078294038093 0.999999854722 0.000363307655281 0.113085701065 0.625312367591 0.846553235716 1.11372995783 1.34681756541 1.68084252111
394 3546 -0.590983150314 -0.107472575231 0.0248190772935 0.99999986688 0.000352325771634 0.110978064213 0.663422576986 0.85036457518 1.06856622735 1.33231297771 1.70515180144
395 3555 -0.594724762954 -0.10804438098 0.0172474552923 0.999999877809 0.000352325771634 0.110978064213 0.663422576986 0.85036457518 1.06856622735 1.33231297771 1.70515180144
396 3564 -0.602758669226 -0.0870964815354 0.0527562647441 0.999999879769 0.000340140311768 0.10574348848 0.682153974969 0.839600671089 1.04543248974 1.32499901862 1.72336977359
397 3573 -0.626866297767 -0.151615699714 0.0156685515709 0.999999888234 0.000340140311768 0.10574348848 0.682153974969 0.839600671089 1.04543248974 1.32499901862 1.72336977359
398 3582 -0.632075069126 -0.00234741915257 0.0147306567951 0.999999894643 0.000314255479993 0.101152928955 0.668511313038 0.81837492069 1.0094062355 1.30473303314 1.77535739042
399 3591 -0.610645405746 -0.0115759289644 0.020530464545 0.999999890571 0.000314255479993 0.101152928955 0.668511313038 0.81837492069 1.0094062355 1.30473303314 1.77535739042
400 3600 -0.634815078897 -0.00771985113376 0.0336293836064 0.999999895877 0.000311574931079 0.102080302093 0.689845717252 0.795408478753 1.00043331932 1.30805375487 1.78020962281
401 3609 -0.638062848231 -0.117745462889 0.00404333702146 0.999999903428 0.000311574931079 0.102080302093 0.689845717252 0.795408478753 1.00043331932 1.30805375487 1.78020962281
402 3618 -0.608149751133 -0.0914916287272 0.0150572693593 0.999999915019 0.000280284699361 0.107723762876 0.702478500611 0.769295233372 0.982124179874 1.33252869624 1.77845542014
403 3627 -0.612098067644 -0.0430946720006 0.130152904823 0.999999926371 0.000280284699361 0.107723762876 0.702478500611 0.769295233372 0.982124179874 1.33252869624 1.77845542014
404 3636 -0.615118742657 -0.045863756567 0.112924512862 0.999999931266 0.000254714610519 0.105288031862 0.693626358044 0.76833888177 0.94313764172 1.35531599527 1.78635442883
405 3645 -0.63135971715 -0.0553766091609 0.0871467900701 0.999999936132 0.000254714610519 0.105288031862 0.693626358044 0.76833888177 0.94313764172 1.35531599527 1.78635442883
406 3654 -0.624610635639 -0.0435318257159 0.115411896906 0.999999939215 0.000237317424298 0.10187377052 0.655717032483 0.740938627554 0.924938179772 1.37468505215 1.80704099928
407 3663 -0.589149569153 -0.0716289628573 0.0393326132478 0.999999941894 0.000237317424298 0.10187377052 0.655717032483 0.740938627554 0.924938179772 1.37468505215 1.80704099928
408 3672 -0.619100763834 -0.0734522101439 0.0011582516513 0.999999948901 0.000216619731823 0.102613218721 0.632998278793 0.728427513139 0.933276654495 1.38724156512 1.80630355803
409 3681 -0.603808861227 -0.010415065033 0.0571695303826 0.999999951804 0.000216619731823 0.102613218721 0.632998278793 0.728427513139 0.933276654495 1.38724156512 1.80630355803
410 3690 -0.601819799897 -0.000862645253948 0.100243709841 0.999999953759 0.000202794688494 0.110092964322 0.652505169515 0.709420216572 0.944568935129 1.38198003437 1.80464959744
411 3699 -0.471644014168 -0.00107933934759 0.066367504089 0.999999957374 0.000202794688494 0.110092964322 0.652505169515 0.709420216572 0.944568935129 1.38198003437 1.80464959744
412 3708 -0.442628979988 -0.0847256624455 0.0944573971109 0.999999960724 0.000189643995776 0.0995562916669 0.630293975877 0.707836764653 0.948223868543 1.50304859864 1.71274678008
413 3717 -0.398414232949 -0.0767511753914 0.143045713965 0.999999958692 0.000189643995776 0.0995562916669 0.630293975877 0.707836764653 0.948223868543 1.50304859864 1.71274678008
414 3726 -0.389648154392 -0.0899694851229 0.193434182044 0.999999961295 0.000187789013497 0.0926519158339 0.633368783585 0.711707442442 0.943551115105 1.55312107717 1.66771049659
415 3735 -0.417655286526 -0.111848364732 0.210746922081 0.999999964865 0.000187789013497 0.0926519158339 0.633368783585 0.711707442442 0.943551115105 1.55312107717 1.66771049659
416 3744 -0.384808396847 -0.106183237172 0.230108171663 0.999999965849 0.000179415892619 0.0867809768884 0.574105958969 0.691955317074 0.925724569614 1.59780353996 1.665571099
417 3753 -0.370369164637 -0.0956058936081 0.202178652082 0.999999965317 0.000179415892619 0.0867809768884 0.574105958969 0.691955317074 0.925724569614 1.59780353996 1.665571099
418 3762 -0.356722579024 -0.0681882423012 0.201289209184 0.999999966269 0.000178640670791 0.0873882741255 0.56918781479 0.705130108961 0.951241080751 1.59202943952 1.65280449193
419 3771 -0.360225783923 -0.0671464084776 0.165701560224 0.999999967627 0.000178640670791 0.0873882741255 0.56918781479 0.705130108961 0.951241080751 1.59202943952 1.65280449193
420 3780 -0.332785858059 -0.0589369539985 0.173867815069 0.999999972737 0.000162226070956 0.0884523547169 0.577222229051 0.689040282394 0.978145432419 1.58495407012 1.64783683986
421 3789 -0.335513442648 -0.0457360602587 0.184511005173 0.999999974356 0.000162226070956 0.0884523547169 0.577222229051 0.689040282394 0.978145432419 1.58495407012 1.64783683986
422 3798 -0.333250659063 -0.0398093968755 0.18630734099 0.999999977541 0.000147080303987 0.0935436883315 0.562138635239 0.677094323275 0.939824493453 1.58460019075 1.68004914984
423 3807 -0.263410367144 -0.062749084567 0.0315350137938 0.999999979678 0.000147080303987 0.0935436883315 0.562138635239 0.677094323275 0.939824493453 1.58460019075 1.68004914984
424 3816 -0.191280732339 -0.113640011582 0.0044354830626 0.999999981564 0.000133933358591 0.0992462844573 0.532366429036 0.652123114272 0.900116802555 1.54220679237 1.75865276205
425 3825 -0.167426085555 -0.134762041773 0.0254264070798 0.999999982411 0.000133933358591 0.0992462844573 0.532366429036 0.652123114272 0.900116802555 1.54220679237 1.75865276205
426 3834 -0.127836854298 -0.123721461121 0.0182671122567 0.999999985479 0.000119241737564 0.0987244607164 0.531241923571 0.631896670526 0.9222145967 1.51265630831 1.7804867912
427 3843 -0.165737537108 -0.00643478008452 0.136490848678 0.999999986488 0.000119241737564 0.0987244607164 0.531241923571 0.631896670526 0.9222145967 1.51265630831 1.7804867912
428 3852 -0.162295916141 -0.0836124834319 0.00825310232248 0.9999999869 0.000113577779996 0.102646180746 0.52269946262 0.62369420926 0.93610137524 1.50669071514 1.78349428313
429 3861 -0.159504448966 -0.0239608065116 0.16085165346 0.999999988281 0.000113577779996 0.102646180746 0.52269946262 0.62369420926 0.93610137524 1.50669071514 1.78349428313
430 3870 -0.0892715452468 -0.0358743345799 0.126759272154 0.999999988379 0.000106650969278 0.114226977715 0.499308849464 0.601914777603 0.949278135313 1.5145542359 1.78335020337
431 3879 -0.110486006194 -0.0459006436663 0.112396923347 0.999999988949 0.000106650969278 0.114226977715 0.499308849464 0.601914777603 0.949278135313 1.5145542359 1.78335020337
432 3888 -0.109478960481 -0.0557860186336 0.141118206999 0.999999989808 0.000100162956896 0.120295766243 0.480559557701 0.612407010507 0.947703482408 1.52247693404 1.77861496067
433 3897 -0.114492043087 -0.0726707390747 0.111473377214 0.999999990974 0.000100162956896 0.120295766243 0.480559557701 0.612407010507 0.947703482408 1.52247693404 1.77861496067
434 3906 -0.143363003931 -0.0804518352885 0.121938859118 0.999999991524 9.09107636116e-05 0.112898520772 0.457035085574 0.610456847574 0.952898945161 1.55229303556 1.75729485733
435 3915 -0.146500141995 -0.0977532407809 0.0924447571986 0.999999992157 9.09107636116e-05 0.112898520772 0.457035085574 0.610456847574 0.952898945161 1.55229303556 1.75729485733
436 3924 -0.1264111506 -0.0927143823393 0.109790093088 0.999999992612 8.3656493834e-05 0.109251073367 0.440403575116 0.59791030488 0.992324437094 1.54800591997 1.74802232182
437 3933 -0.13313797594 -0.0647511506984 0.12273698943 0.999999992738 8.3656493834e-05 0.109251073367 0.440403575116 0.59791030488 0.992324437094 1.54800591997 1.74802232182
438 3942 -0.129370934957 -0.0872017753159 0.106858070571 0.99999999302 7.97449454615e-05 0.114398650513 0.411929110255 0.621047073355 0.971921410654 1.55712584734 1.74993021297
439 3951 -0.130265066826 -0.0855537713573 0.115612757797 0.999999993146 7.97449454615e-05 0.114398650513 0.411929110255 0.621047073355 0.971921410654 1.55712584734 1.74993021297
440 3960 -0.12854819993 -0.0956324551682 0.114968657141 0.999999993819 7.63143332557e-05 0.110553172288 0.40098934384 0.624974413349 0.983090925615 1.56122889825 1.74140434084
441 3969 -0.130176410567 -0.111585701363 0.116696020169 0.999999993798 7.63143332557e-05 0.110553172288 0.40098934384 0.624974413349 0.983090925615 1.56122889825 1.74140434084
442 3978 -0.157897606817 -0.0984793686863 0.0589692315826 0.999999994182 7.38949790375e-05 0.114025496429 0.380680329989 0.619481909499 0.980259396205 1.61171607789 1.70287569461
443 3987 -0.182895780494 -0.0879922634405 0.0480230293475 0.999999994656 7.38949790375e-05 0.114025496429 0.380680329989 0.619481909499 0.980259396205 1.61171607789 1.70287569461
444 3996 -0.213223184273 -0.0961738266834 0.0268082794858 0.999999994887 6.83364659236e-05 0.118657422291 0.376614677285 0.637989170276 0.948875736116 1.64658578417 1.68090502638
445 4005 -0.175964460536 -0.0771313459666 0.0568831984593 0.999999995271 6.83364659236e-05 0.118657422291 0.376614677285 0.637989170276 0.948875736116 1.64658578417 1.68090502638
446 4014 -0.221280389935 -0.00729823132324 0.173124640053 0.999999995348 6.70862884109e-05 0.107899645645 0.358458754377 0.616475119499 0.937033724058 1.65243642969 1.69447486149
447 4023 -0.222758628158 -0.0565680361108 0.0113009392819 0.999999995518 6.70862884109e-05 0.107899645645 0.358458754377 0.616475119499 0.937033724058 1.65243642969 1.69447486149
448 4032 -0.268874121639 -0.014832907638 0.0927479974848 0.999999995957 6.2874956306e-05 0.10854928852 0.386057643853 0.582855153305 0.940168610178 1.63992385755 1.71061075051
449 4041 -0.270211502966 -0.000688552189231 0.115024797513 0.999999995677 6.2874956306e-05 0.10854928852 0.386057643853 0.582855153305 0.940168610178 1.63992385755 1.71061075051
450 4050 -0.35691418326 -0.113167684532 0.00207317939 0.999999996462 5.8445354095e-05 0.102638778445 0.382497930946 0.600132319492 0.924108160958 1.58465135564 1.76575932607
451 4059 -0.425154898908 -0.19316161918 0.0950236054084 0.999999996879 5.8445354095e-05 0.102638778445 0.382497930946 0.600132319492 0.924108160958 1.58465135564 1.76575932607
452 4068 -0.533459637713 -0.0372487436236 0.0808149953174 0.999999997649 4.77056470049e-05 0.0905777202859 0.318380406043 0.612955402189 0.875477283284 1.45649723479 1.90443445616
453 4077 -0.550412955466 -0.0714836076867 0.0827515735615 0.999999997799 4.77056470049e-05 0.0905777202859 0.318380406043 0.612955402189 0.875477283284 1.45649723479 1.90443445616
454 4086 -0.553076265768 -0.0711673918506 0.0978385507084 0.999999997988 4.44194659439e-05 0.0956908397506 0.304794478466 0.619698426788 0.877352719743 1.43711436853 1.91803856684
455 4095 -0.514574499221 -0.108537444732 0.140761322513 0.99999999803 4.44194659439e-05 0.0956908397506 0.304794478466 0.619698426788 0.877352719743 1.43711436853 1.91803856684
456 4104 -0.539051295836 -0.11121629972 0.0332978943655 0.999999998489 3.86866468612e-05 0.092311151173 0.294301887314 0.589319985155 0.885237711388 1.43215735722 1.92946793251
457 4113 -0.543302120719 -0.00268321377558 0.0319412949415 0.99999999866 3.86866468612e-05 0.092311151173 0.294301887314 0.589319985155 0.885237711388 1.43215735722 1.92946793251
458 4122 -0.542154819258 -0.036654908365 0.04362102602 0.999999998931 3.23208434728e-05 0.096662716344 0.290110123718 0.53275746074 0.918580767005 1.43100805826 1.9316022453
459 4131 -0.527754716771 -0.0132402176741 0.0433735375235 0.999999999012 3.23208434728e-05 0.096662716344 0.290110123718 0.53275746074 0.918580767005 1.43100805826 1.9316022453
460 4140 -0.558887880599 -0.0016763320468 0.0216647697273 0.999999999107 2.97872299659e-05 0.0973545748645 0.27477571067 0.51384757903 0.921711331792 1.41014858677 1.95266746895
461 4149 -0.555762248217 -0.0117049181642 0.0232603466885 0.999999999188 2.97872299659e-05 0.0973545748645 0.27477571067 0.51384757903 0.921711331792 1.41014858677 1.95266746895
462 4158 -0.571093475562 -0.0300274608518 0.0137346795163 0.999999999224 2.77676911678e-05 0.0972673039895 0.267578873591 0.497805020328 0.912472830556 1.40160863349 1.96825235957
463 4167 -0.593689049686 -0.0230865895114 0.0355029553812 0.999999999282 2.77676911678e-05 0.0972673039895 0.267578873591 0.497805020328 0.912472830556 1.40160863349 1.96825235957
464 4176 -0.5979377959 -0.0121382880085 0.0617722091445 0.999999999314 2.61619600034e-05 0.0937062857283 0.251589012683 0.471563345641 0.881738031429 1.37244853739 2.01108755832
465 4185 -0.580451295454 -0.00975998663489 0.00341268827494 0.999999999349 2.61619600034e-05 0.0937062857283 0.251589012683 0.471563345641 0.881738031429 1.37244853739 2.01108755832
466 4194 -0.58903496141 -0.0349234913548 0.117723777727 0.999999999381 2.48097478476e-05 0.0903707955048 0.252937842557 0.469153606769 0.915111801286 1.38171310926 1.99027378383
467 4203 -0.521339625482 -0.0427815564116 0.0228312383313 0.999999999445 2.48097478476e-05 0.0903707955048 0.252937842557 0.469153606769 0.915111801286 1.38171310926 1.99027378383
468 4212 -0.566222117634 -0.0484794949104 0.111883415013 0.999999999524 2.16959330645e-05 0.0978046320924 0.236928283835 0.437229225233 0.882892951896 1.38751593907 2.00958438507
469 4221 -0.56377792796 -0.0441827652019 0.121223858955 0.999999999557 2.16959330645e-05 0.0978046320924 0.236928283835 0.437229225233 0.882892951896 1.38751593907 2.00958438507
470 4230 -0.560415780461 -0.0611892640638 0.0912242123922 0.999999999584 2.02531149858e-05 0.0911413773679 0.235095326745 0.412807886696 0.895527941517 1.38492848728 2.01147107263
471 4239 -0.595858149528 -0.0756022301195 0.0618756608522 0.999999999648 2.02531149858e-05 0.0911413773679 0.235095326745 0.412807886696 0.895527941517 1.38492848728 2.01147107263
472 4248 -0.616795925521 -0.111188911597 0.0424199462856 0.999999999701 1.71918386032e-05 0.086767522566 0.23187212707 0.427598162739 0.852940852827 1.32378232792 2.06783915586
473 4257 -0.607416406821 -0.0954881741551 0.0700687823937 0.999999999715 1.71918386032e-05 0.086767522566 0.23187212707 0.427598162739 0.852940852827 1.32378232792 2.06783915586
474 4266 -0.623815580944 -0.157620685831 0.000998354980303 0.999999999765 1.52159717545e-05 0.0832912074631 0.232854559957 0.405751077906 0.88746704491 1.30923355764 2.0670068038
475 4275 -0.609995786724 -0.143234903338 0.00307297189088 0.999999999776 1.52159717545e-05 0.0832912074631 0.232854559957 0.405751077906 0.88746704491 1.30923355764 2.0670068038
476 4284 -0.615804329802 -0.0247087566798 0.222280939743 0.999999999799 1.4089578703e-05 0.0848326568095 0.232559292914 0.408027110031 0.889700972641 1.31220640856 2.06368117536
477 4293 -0.624473396683 -0.0278488472246 0.201834829288 0.99999999979 1.4089578703e-05 0.0848326568095 0.232559292914 0.408027110031 0.889700972641 1.31220640856 2.06368117536
478 4302 -0.617957512548 -0.0169856948198 0.127193156848 0.999999999796 1.42446919305e-05 0.0883325012629 0.246572910822 0.40095308926 0.92931466886 1.31388197718 2.04468192762
479 4311 -0.610596915322 -0.121215370312 0.00751885722302 0.999999999788 1.42446919305e-05 0.0883325012629 0.246572910822 0.40095308926 0.92931466886 1.31388197718 2.04468192762
480 4320 -0.657287321312 -0.050281081316 0.198504449728 0.999999999825 1.31073993673e-05 0.0917725328666 0.248786415496 0.398558866049 0.863890754418 1.27355559394 2.09823327239
481 4329 -0.662395716504 -0.0647854540316 0.221137047798 0.999999999835 1.31073993673e-05 0.0917725328666 0.248786415496 0.398558866049 0.863890754418 1.27355559394 2.09823327239
482 4338 -0.684418486006 -0.123998411723 0.192994675932 0.999999999855 1.19075361712e-05 0.0966872520139 0.256512954766 0.391991157539 0.898614391582 1.21352800637 2.1192068244
483 4347 -0.695338921609 -0.165264607101 0.0934076962451 0.999999999865 1.19075361712e-05 0.0966872520139 0.256512954766 0.391991157539 0.898614391582 1.21352800637 2.1192068244
484 4356 -0.694277716793 -0.158149939864 0.0623740041146 0.999999999872 1.11986207471e-05 0.0977054053625 0.266857803042 0.3911890518 0.975685181197 1.1988490198 2.09213076725
485 4365 -0.681198449907 -0.153401980137 0.0835240446055 0.999999999876 1.11986207471e-05 0.0977054053625 0.266857803042 0.3911890518 0.975685181197 1.1988490198 2.09213076725
486 4374 -0.676969266706 -0.125877093942 0.0955649003133 0.99999999988 1.07005830565e-05 0.096890020831 0.277527742515 0.404783394985 0.970094687824 1.23499696788 2.06964728034
487 4383 -0.672384535236 -0.119616760546 0.0978070506038 0.999999999883 1.07005830565e-05 0.096890020831 0.277527742515 0.404783394985 0.970094687824 1.23499696788 2.06964728034
488 4392 -0.677464946325 -0.125143185136 0.0805878019794 0.99999999989 1.01616744929e-05 0.0938519211221 0.298327583402 0.402277167639 0.977021645939 1.22495829817 2.07008971334
489 4401 -0.682597464253 -0.140314213072 0.0854329761524 0.999999999899 1.01616744929e-05 0.0938519211221 0.298327583402 0.402277167639 0.977021645939 1.22495829817 2.07008971334
490 4410 -0.700817252755 -0.163587497125 0.115800096512 0.999999999911 9.20897263337e-06 0.0906572696206 0.275270642492 0.411127018747 0.955404982402 1.15807393436 2.11968110559
491 4419 -0.716150026787 -0.195405299626 0.125285647991 0.999999999919 9.20897263337e-06 0.0906572696206 0.275270642492 0.411127018747 0.955404982402 1.15807393436 2.11968110559
492 4428 -0.704042518981 -0.194053701327 0.122713056049 0.999999999921 8.60978759035e-06 0.0956231277334 0.303781932467 0.41961359712 0.963912651606 1.13766551762 2.12110507851
493 4437 -0.704787499187 -0.216166579407 0.116863286395 0.999999999925 8.60978759035e-06 0.0956231277334 0.303781932467 0.41961359712 0.963912651606 1.13766551762 2.12110507851
494 4446 -0.692340300183 -0.203116448063 0.122237448131 0.999999999933 7.91180730844e-06 0.0946057540091 0.303938704157 0.467412638592 0.960143917993 1.13228661131 2.11571433025
495 4455 -0.712097706696 -0.233815808389 0.113995694055 0.999999999946 7.91180730844e-06 0.0946057540091 0.303938704157 0.467412638592 0.960143917993 1.13228661131 2.11571433025
496 4464 -0.699616775711 -0.143692130842 0.105891714756 0.999999999949 6.84271314299e-06 0.0920893968584 0.308301380166 0.453462295875 0.95743263897 1.12766486626 2.12191810384
497 4473 -0.680529574561 -0.120163131982 0.124214538205 0.999999999948 6.84271314299e-06 0.0920893968584 0.308301380166 0.453462295875 0.95743263897 1.12766486626 2.12191810384
498 4482 -0.676406167195 -0.140678083658 0.175512734271 0.999999999951 6.79885848544e-06 0.0960572718748 0.3108180988 0.475927342513 0.927799305894 1.15582653709 2.114453059
499 4491 -0.681864458463 -0.136187108803 0.0743818824901 0.999999999953 6.79885848544e-06 0.0960572718748 0.3108180988 0.475927342513 0.927799305894 1.15582653709 2.114453059
500 4500 -0.695689840564 -0.197577541223 0.126364035884 0.999999999956 6.51273859502e-06 0.088598222719 0.308744674348 0.471027261365 0.962511772633 1.10180266373 2.12945119168
