% # columns="iteration, evaluation, void, void, void, xmean", seed=305655, Mon Feb 22 19:32:43 2016 # scaling_of_variables: 0.00353 1.6 0.82 0.32073734165 0.306796157577 0.012487804878 0.12487804878, typical_x: 0
0 0 0 0.0 nan 1.0 1.0 5.0 5.0 1.0 10.0 0.5
1 9 0 0.0 nan 1.29719557408 0.847064115683 4.67163421987 5.47670472096 1.0655558988 10.4050142279 0.663516448715
2 18 0 0.0 nan 1.63865548697 0.868682717891 4.38776400878 5.39310495518 1.33758058105 10.6894296402 1.17969506838
3 27 0 0.0 nan 1.40703361581 0.899600467807 4.58092251009 5.18680007576 1.48302841301 10.5207698776 1.05566982734
4 36 0 0.0 nan 1.42645823439 0.757165216131 4.67540681123 5.19867671564 1.7616733095 10.1413196031 0.708798103901
5 45 0 0.0 nan 1.3130540494 0.776614200796 4.49626656747 5.25974990932 1.40965568036 9.67979409686 0.544855251751
6 54 0 0.0 nan 1.34577920204 0.806569707122 4.82615416564 5.26973728717 1.63713931211 10.2380523294 0.470339159163
7 63 0 0.0 nan 1.20628858566 0.956235096426 4.87837369265 5.601699789 1.61396960803 10.0148863121 0.320504700268
8 72 0 0.0 nan 1.26104606207 0.978480709765 5.21190134461 5.5600357948 1.67802327331 10.1255001973 0.41333257557
9 81 0 0.0 nan 1.36020036797 0.976318136577 5.39193509952 5.28766316072 1.71278098408 9.80096931444 0.567234944779
10 90 0 0.0 nan 1.28477605915 0.967752038205 5.4178338038 5.50936768048 1.86440638915 9.77942143985 0.54211355149
11 99 0 0.0 nan 1.00447474347 0.854447358327 5.43316396688 5.42585024752 1.73652862772 9.33971287052 0.428226816297
12 108 0 0.0 nan 1.28972054122 0.950395754063 5.0850600425 5.69192174295 2.01182028766 9.63858762694 0.348409465345
13 117 0 0.0 nan 1.5241702481 0.919720432762 4.92625464329 5.72238019733 2.12417503985 9.83441667701 0.474896363203
14 126 0 0.0 nan 1.57977040103 0.959597229193 4.93817444757 5.69646890163 2.41075239837 9.86150599171 0.522277489685
15 135 0 0.0 nan 1.62582704815 0.97431078716 4.99266208727 5.70222754702 2.52293147523 10.0103601782 0.567473831292
16 144 0 0.0 nan 1.66854753776 0.950249045571 5.01269225216 5.72069143118 2.55430287888 10.1607406482 0.686369578173
17 153 0 0.0 nan 1.79149105284 0.934046042078 4.79900445737 5.35915094105 2.65125768823 10.2087772697 0.923405911366
18 162 0 0.0 nan 1.80785751579 0.974526069021 4.53384389463 5.54931085477 2.64853960075 10.1154295501 0.61783035295
19 171 0 0.0 nan 1.9571797939 0.913244276922 4.64427725288 5.52649470732 2.69326628714 10.0940655589 0.45665187181
20 180 0 0.0 nan 1.82555768134 0.91107900569 4.79736836198 5.47491846416 2.69706074895 9.98107156264 0.566389537519
21 189 0 0.0 nan 1.89697831477 0.986040253365 4.49173673725 5.30153881717 2.68367748096 9.95776864778 0.673741818122
22 198 0 0.0 nan 1.84178976936 0.921313516499 4.63363007165 5.28640351666 2.66658579406 9.99097393839 0.811624450974
23 207 0 0.0 nan 1.88900867205 0.948316042758 4.69179410129 5.24515404058 2.71726065928 9.9687855401 0.704881669421
24 216 0 0.0 nan 2.02898547634 0.968057535583 4.70784635754 5.20713094578 2.73396638163 10.0455994703 0.731965207469
25 225 0 0.0 nan 2.06323827459 0.989654899641 4.78379594377 5.18185576283 2.8213379817 10.0782146412 0.796169967655
26 234 0 0.0 nan 2.0600195197 0.971099299878 4.67552057059 5.19009212847 2.74202075922 10.0194128947 0.825372896788
27 243 0 0.0 nan 2.05475860451 0.954403359775 4.67391783254 5.23474771084 2.86417646623 10.0913152761 0.840140726417
28 252 0 0.0 nan 2.0493601414 0.960748283682 4.67343085929 5.19731473995 2.89380444922 10.0794392865 0.913038557917
29 261 0 0.0 nan 2.03734152722 0.97091595133 4.78104118435 5.18085747242 2.99449757068 9.97751837491 0.871080056288
30 270 0 0.0 nan 2.04938469631 0.972849607637 4.69889817325 5.18472885692 2.99476242312 9.95214622384 0.885642285493
31 279 0 0.0 nan 2.07761062243 0.990174517619 4.55431125959 5.16310352895 2.97861383778 10.0195948084 0.960964363471
32 288 0 0.0 nan 2.02986133615 0.982264836322 4.68045436259 5.17100592961 3.0185130758 9.96993204048 0.94469056647
33 297 0 0.0 nan 2.0521419683 0.979706366679 4.67229594245 5.20620274682 3.0544829001 10.0589247108 0.907070462401
34 306 0 0.0 nan 2.07851452171 0.967875137929 4.75022084105 5.17286929418 3.04798601603 10.0325606533 0.931163039768
35 315 0 0.0 nan 2.0315711184 0.970089038981 4.76709725478 5.14822858549 3.09431610746 9.96622056969 0.959487934203
36 324 0 0.0 nan 2.09268717267 0.968431299458 4.82783795537 5.1782026902 3.09911533954 9.96334750671 0.918022615313
37 333 0 0.0 nan 2.06040741035 0.961624932351 4.89132573831 5.15233465369 3.1727239693 9.92207809872 0.96597785725
38 342 0 0.0 nan 2.03268136492 0.955351535618 4.9313430797 5.1731638725 3.12693997779 9.93849240998 0.904734859805
39 351 0 0.0 nan 1.98509864439 0.964159673605 5.00308120821 5.15698027864 3.07290846896 9.93936640008 0.915532933745
40 360 0 0.0 nan 1.96049241699 0.966686428228 5.15203850677 5.15301729951 3.06496895125 9.90418339115 0.908103050955
41 369 0 0.0 nan 1.93847701893 0.968679457063 5.21779109174 5.12200720272 3.13934699265 9.92431565107 0.929049543196
42 378 0 0.0 nan 1.94656812907 0.972656363632 5.25403799225 5.13014248576 3.21102350342 9.92468015539 0.904384297381
43 387 0 0.0 nan 1.98048473266 0.966284251411 5.12314536424 5.13735096139 3.1984062305 9.9568889327 0.933469472792
44 396 0 0.0 nan 2.04403973814 0.970096545078 5.02573456162 5.11634614385 3.10507783273 10.0222768603 0.946532795075
45 405 0 0.0 nan 1.98379916325 0.97273593634 5.15753857768 5.12474567354 3.06823583847 9.97203871554 0.923580141343
46 414 0 0.0 nan 1.90711905457 0.984921841221 5.324139742 5.07966583411 3.09461090784 9.93817432204 0.927708615507
47 423 0 0.0 nan 1.86116980016 0.980923591465 5.37657181139 5.08826712662 3.07021223815 9.91828575629 0.920946324976
48 432 0 0.0 nan 1.84544183555 0.984600748447 5.41445730846 5.07496839381 3.0920013374 9.86852413409 0.916143516859
49 441 0 0.0 nan 1.8563599573 0.97866411399 5.44770246613 5.09034840229 3.11241704678 9.8311668258 0.892239919209
50 450 0 0.0 nan 1.79452761257 0.984723913994 5.48619669543 5.09727104098 3.078773081 9.8224382164 0.882965163752
51 459 0 0.0 nan 1.8638334051 0.980374193809 5.42759718481 5.10658503264 3.10935603229 9.89266231605 0.883803990512
52 468 0 0.0 nan 1.8627655158 0.979980118977 5.45593560272 5.10474574966 3.09830253825 9.85634483595 0.881409777279
53 477 0 0.0 nan 1.82613314338 0.982685183101 5.52542680378 5.09076384993 3.10009298542 9.86010125721 0.890580226043
54 486 0 0.0 nan 1.87728918992 0.979760712016 5.41546389354 5.09582314705 3.15394382244 9.907609579 0.912082250189
55 495 0 0.0 nan 1.89069940295 0.971346792442 5.42500752647 5.09859385482 3.14984925458 9.91241891578 0.913423910418
56 504 0 0.0 nan 1.91480067006 0.972826383678 5.46040406767 5.09397189561 3.15623648147 9.94075475168 0.916620124206
57 513 0 0.0 nan 1.88714941963 0.970499541191 5.48667906514 5.08852470473 3.11979319691 9.94644986849 0.924230990757
58 522 0 0.0 nan 1.87360935285 0.97413452739 5.51429102685 5.08196484337 3.10854920914 9.94809759375 0.923221843958
59 531 0 0.0 nan 1.91676291506 0.973169552513 5.4626583148 5.08770099033 3.10815601795 9.97319196984 0.932240930639
60 540 0 0.0 nan 1.93679053757 0.965491311181 5.4123981815 5.09103559386 3.09511892924 9.99973803161 0.945073300245
61 549 0 0.0 nan 1.90062106554 0.966087497887 5.41921631445 5.09873641418 3.07464332454 9.96819791188 0.929409686936
62 558 0 0.0 nan 1.93313885202 0.958707247753 5.3449033807 5.10033940543 3.07374105914 10.019398252 0.956666457009
63 567 0 0.0 nan 1.88210735181 0.96206888515 5.41553188566 5.1106120826 3.08372046215 9.95603167058 0.927339030731
64 576 0 0.0 nan 1.85878178948 0.969901607433 5.4719372814 5.09765500436 3.10394855677 9.93692377792 0.925017915963
65 585 0 0.0 nan 1.88397065081 0.969216435515 5.47609014038 5.0896743887 3.12252030944 9.95139037656 0.944108026843
66 594 0 0.0 nan 1.86776383343 0.963486447467 5.43385502151 5.08928931563 3.15220724205 9.96219963187 0.966694435902
67 603 0 0.0 nan 1.83116850671 0.967887522795 5.4423540563 5.08743668918 3.12358601422 9.93719655995 0.951206283227
68 612 0 0.0 nan 1.85537997589 0.967640324593 5.44936015065 5.09632109278 3.11968692476 9.96409913925 0.927118828828
69 621 0 0.0 nan 1.8623901621 0.964236190206 5.43750119483 5.09954779236 3.12082568226 9.99733948832 0.938412285598
70 630 0 0.0 nan 1.87253037339 0.963727223998 5.44367779952 5.09827350686 3.14775019286 10.0041391055 0.943817355963
71 639 0 0.0 nan 1.85464543311 0.966622454527 5.44413748108 5.0894112954 3.14873672997 9.98274668047 0.947821828413
72 648 0 0.0 nan 1.86825176308 0.961107987095 5.41292016033 5.09686712992 3.15512847761 9.99171215814 0.959422110974
73 657 0 0.0 nan 1.82335339868 0.966040339724 5.46710312407 5.09265030333 3.12810345937 9.96120714521 0.935990138084
74 666 0 0.0 nan 1.82712066533 0.966014997231 5.43338567043 5.098596854 3.14913131794 9.96044097015 0.935246564636
75 675 0 0.0 nan 1.81996953684 0.969019894969 5.46463187554 5.09330470277 3.17312511194 9.93147586328 0.925704603121
76 684 0 0.0 nan 1.8182933988 0.969126148534 5.47647098726 5.09800536655 3.17236100023 9.90112659037 0.920099936448
77 693 0 0.0 nan 1.81603271801 0.968863532539 5.48333352474 5.10043294895 3.15500164021 9.92006919285 0.915274303371
78 702 0 0.0 nan 1.82452744291 0.970168771346 5.4848576701 5.09503172947 3.15427557124 9.8924351509 0.918497389578
79 711 0 0.0 nan 1.79007805901 0.972759737635 5.49525851756 5.10034622953 3.16642857279 9.85477421208 0.903475475855
80 720 0 0.0 nan 1.81221893065 0.970821490009 5.48869925864 5.09822654923 3.15176451 9.89151699332 0.917598746477
81 729 0 0.0 nan 1.78805570284 0.973482431868 5.50853531501 5.08657387114 3.13983517751 9.86838335284 0.912779255585
82 738 0 0.0 nan 1.77790456759 0.973985526187 5.50574841082 5.08449030569 3.13066352565 9.86290335271 0.913892772425
83 747 0 0.0 nan 1.7663371024 0.97280629664 5.5073912253 5.09179972181 3.12692288172 9.83987968257 0.905355418402
84 756 0 0.0 nan 1.75170593525 0.97210497678 5.5083338728 5.08912194968 3.11996747558 9.82705675259 0.912403881421
85 765 0 0.0 nan 1.7598441325 0.970954901984 5.49875078559 5.09044687929 3.14737877943 9.83519655904 0.920051806963
86 774 0 0.0 nan 1.78173575759 0.969960512339 5.49500767241 5.08938547599 3.14184025857 9.85757274715 0.924720461597
87 783 0 0.0 nan 1.77199574944 0.972207679846 5.51083723913 5.09099994606 3.12319212314 9.86274020005 0.910397943726
88 792 0 0.0 nan 1.75060593212 0.974809435417 5.524727543 5.08976977638 3.12667446137 9.8226282331 0.89767821823
89 801 0 0.0 nan 1.76004581638 0.972783272409 5.51102154452 5.08921908617 3.12482221681 9.81140764162 0.907877006113
90 810 0 0.0 nan 1.76606913557 0.975496744061 5.52615798995 5.0862912845 3.12466006882 9.81914890966 0.899768404342
91 819 0 0.0 nan 1.75758197865 0.977310038911 5.53453796588 5.08723499979 3.11622731516 9.79930140875 0.889187833956
92 828 0 0.0 nan 1.75249136256 0.978418613425 5.54331882532 5.08648722368 3.1027546152 9.80792235406 0.890714029319
93 837 0 0.0 nan 1.74396247552 0.976944596125 5.53329882998 5.08460419688 3.08365227071 9.80635444384 0.901356254284
94 846 0 0.0 nan 1.73403086865 0.978844988662 5.54347649621 5.07896487898 3.06291758992 9.78785311779 0.89338745998
95 855 0 0.0 nan 1.7182033897 0.979930570874 5.54988429067 5.07829041189 3.02939381914 9.75605061091 0.893325473837
96 864 0 0.0 nan 1.69929231392 0.980070724726 5.54679763516 5.08296238631 3.024541949 9.73307864126 0.884456094481
97 873 0 0.0 nan 1.68885563795 0.982158602766 5.55762547975 5.0853057597 2.97672103772 9.71407241333 0.873556376165
98 882 0 0.0 nan 1.68638045971 0.985131451059 5.58056551467 5.08359637166 2.97275965849 9.7160643839 0.861660668765
99 891 0 0.0 nan 1.68502787027 0.986543283306 5.58985377601 5.08164395934 2.96439436648 9.73092954795 0.851806072648
100 900 0 0.0 nan 1.70518461079 0.98055318173 5.55253160605 5.09569573299 2.9606113278 9.7558402569 0.856143275991
101 909 0 0.0 nan 1.64998906746 0.989733184463 5.5966058809 5.08958245364 2.92107304304 9.64949806013 0.822373467422
102 918 0 0.0 nan 1.6522589304 0.990930905812 5.61635155339 5.08346317103 2.89377726896 9.66383439397 0.819967263584
103 927 0 0.0 nan 1.63918320037 0.990834537009 5.60893475866 5.07842716355 2.87673669833 9.65431875771 0.829654932436
104 936 0 0.0 nan 1.62948337493 0.991154655707 5.61491690493 5.07928179404 2.84916447473 9.63210946932 0.831477745507
105 945 0 0.0 nan 1.59782148318 0.998269846682 5.65447643817 5.08057389387 2.84064857082 9.57380686993 0.801233232935
106 954 0 0.0 nan 1.60248157345 0.995815171068 5.63946850162 5.08314102228 2.85330125136 9.57992588751 0.808960036184
107 963 0 0.0 nan 1.58597180013 0.995036463397 5.63945936021 5.08706768616 2.84261143386 9.5509409252 0.802033274299
108 972 0 0.0 nan 1.56363434773 0.997370543862 5.65138352426 5.08814674482 2.83211785162 9.52151314189 0.790854109703
109 981 0 0.0 nan 1.51651900394 1.00239650238 5.68043952078 5.08234854367 2.79452150887 9.45499604278 0.773006383146
110 990 0 0.0 nan 1.47124428264 1.00716329912 5.70996841778 5.07977995909 2.76377791157 9.39167829595 0.758856733856
111 999 0 0.0 nan 1.50460822086 1.00494140145 5.69467677023 5.08317422327 2.77469704049 9.4259078162 0.764137391233
112 1008 0 0.0 nan 1.4675069816 1.00732216889 5.70013387071 5.08689190514 2.73865923245 9.37459939572 0.742072015361
113 1017 0 0.0 nan 1.42689109146 1.01323386321 5.73628559415 5.08773713998 2.73064162454 9.34716365838 0.717419138508
114 1026 0 0.0 nan 1.46766782072 1.01085729182 5.72178771931 5.08199813601 2.76284253056 9.39222264249 0.742750306098
115 1035 0 0.0 nan 1.43302033084 1.01289443974 5.73726411763 5.08089193818 2.75591557894 9.3368338719 0.733943775159
116 1044 0 0.0 nan 1.40621387464 1.01508792527 5.7523194262 5.08015367011 2.75286712239 9.30259456794 0.727160048627
117 1053 0 0.0 nan 1.39111803286 1.01268912274 5.73985922393 5.08457932327 2.74880739306 9.28947617989 0.726796684534
118 1062 0 0.0 nan 1.36423922013 1.01338677093 5.74561044244 5.08503137168 2.69282310594 9.23735018237 0.716612753689
119 1071 0 0.0 nan 1.37965507912 1.01116497836 5.73309752341 5.07826439289 2.69513379166 9.27180675971 0.736807427706
120 1080 0 0.0 nan 1.3766310767 1.00713436969 5.70740837664 5.07902220066 2.68772476867 9.27627300049 0.749982574962
121 1089 0 0.0 nan 1.35715936319 1.01028572799 5.72204172838 5.0817357259 2.65470937611 9.2391928083 0.73436681739
122 1098 0 0.0 nan 1.34879233776 1.0069736533 5.70617085392 5.07998815777 2.65548031879 9.22919040238 0.748079848457
123 1107 0 0.0 nan 1.3328961176 1.00716776622 5.70563889338 5.08254583231 2.63980863658 9.18986519385 0.743506659618
124 1116 0 0.0 nan 1.31824232295 1.00735501886 5.70762013642 5.08375052602 2.62990585001 9.16961657152 0.742536755932
125 1125 0 0.0 nan 1.27456760583 1.00937797611 5.7187989159 5.0804451161 2.58286409644 9.12304204114 0.73861301336
126 1134 0 0.0 nan 1.29000655054 1.00386462228 5.68796527027 5.07885824054 2.55118647515 9.1105971787 0.763856921219
127 1143 0 0.0 nan 1.32560287007 0.998301875836 5.65315530612 5.07754248581 2.57824453861 9.16758756841 0.787660070039
128 1152 0 0.0 nan 1.29912551194 0.99671053876 5.64981204634 5.07706028805 2.51456555884 9.15939065735 0.788444755481
129 1161 0 0.0 nan 1.2539911967 0.99514586852 5.64035158121 5.07688123285 2.43008595769 9.08327713186 0.789700921574
130 1170 0 0.0 nan 1.2832257113 0.994383166553 5.62957511689 5.07308617354 2.41898988738 9.08908671544 0.797088841675
131 1179 0 0.0 nan 1.27347805129 0.989739625825 5.60906921532 5.07955927663 2.37887013897 9.04860019403 0.801970516029
132 1188 0 0.0 nan 1.1469189772 0.99023525496 5.60011313244 5.07564945176 2.22504666302 8.87388588905 0.800984529718
133 1197 0 0.0 nan 1.12193523709 0.997415160739 5.6417080667 5.07337730446 2.1864458876 8.78007238924 0.775038283038
134 1206 0 0.0 nan 1.04880940375 1.00748113085 5.69108273978 5.06950693792 2.14883828217 8.69063342855 0.750705308293
135 1215 0 0.0 nan 1.18294902077 1.00575129972 5.6910641295 5.06437316421 2.15815660451 8.80251656764 0.760138703482
136 1224 0 0.0 nan 1.02822640115 1.00723696184 5.68918043787 5.06522776459 1.90133307701 8.50329346543 0.755981168749
137 1233 0 0.0 nan 0.983700632468 1.00036117971 5.63584289843 5.06421501216 1.6494541182 8.29972370514 0.772963811233
138 1242 0 0.0 nan 1.2805454266 0.989509555158 5.57090469295 5.05470546973 1.82078346127 8.65478346293 0.826390813864
139 1251 0 0.0 nan 1.13066073754 1.001424365 5.62356515831 5.05733057081 1.64245254648 8.48461987111 0.778303632826
140 1260 0 0.0 nan 1.18183833472 1.00458766262 5.6546073332 5.0632847095 1.7825065251 8.6107643298 0.775005029647
141 1269 0 0.0 nan 1.07605588029 1.00234413524 5.65015764386 5.06648771579 1.82167801816 8.55351623802 0.765515582177
142 1278 0 0.0 nan 0.953097372816 1.00217239339 5.65255061417 5.06331050819 1.67717050673 8.36068207364 0.764186048024
143 1287 0 0.0 nan 0.88286816842 0.992116621721 5.60206198524 5.0735001428 1.5770191988 8.3391906787 0.765398237435
144 1296 0 0.0 nan 0.948494974074 0.989096462445 5.59966370803 5.08229631985 1.78510385898 8.42791068703 0.76987119931
145 1305 0 0.0 nan 0.955159322234 0.992680563393 5.62354995369 5.07208269031 1.76532956696 8.41889178017 0.772010906334
146 1314 0 0.0 nan 0.94315142085 0.990992522715 5.6087454803 5.06673703077 1.68220445615 8.4056298529 0.784799869625
147 1323 0 0.0 nan 0.881205791713 0.990153862111 5.60599159097 5.0704529912 1.53185664685 8.32034123829 0.768620124914
148 1332 0 0.0 nan 0.773335932777 0.994792612625 5.634617206 5.05944576995 1.34130021233 8.09632629156 0.760545131541
149 1341 0 0.0 nan 0.728672121715 0.991459773778 5.61313341853 5.06232781812 1.2624696952 8.07224499228 0.76041126185
150 1350 0 0.0 nan 0.702545592828 0.994421995307 5.61682012783 5.05643541825 1.25075147918 8.03504308672 0.768911485652
151 1359 0 0.0 nan 0.697154047974 0.994868856999 5.62866918676 5.06742913945 1.38171905287 8.090381172 0.754221111142
152 1368 0 0.0 nan 0.762955409541 0.991418898274 5.6143061896 5.06896751397 1.49049512573 8.21745390718 0.767731158906
153 1377 0 0.0 nan 0.763428316061 0.992830698386 5.62857844163 5.06634659309 1.49106230219 8.20279126553 0.765413242796
154 1386 0 0.0 nan 0.716316453278 0.997056038735 5.64447039505 5.06374278831 1.32687747411 8.06398814561 0.748529237771
155 1395 0 0.0 nan 0.708727952981 0.994811960797 5.63898724174 5.07130659865 1.43232113198 8.10173059703 0.746442520102
156 1404 0 0.0 nan 0.671929369914 0.995020969351 5.63737602237 5.07325139213 1.33028958968 8.03462224372 0.739132994186
157 1413 0 0.0 nan 0.608903221866 0.998092910199 5.65594215454 5.06968258409 1.24515013411 7.91431239278 0.730493288307
158 1422 0 0.0 nan 0.634468065634 0.99648574108 5.64737998017 5.06722593618 1.22375109619 7.92862143352 0.736633676315
159 1431 0 0.0 nan 0.557927473959 0.998537385977 5.65790358834 5.06439926503 1.09970093734 7.79757945999 0.727734358866
160 1440 0 0.0 nan 0.577291473014 0.996445762934 5.64568297273 5.0636880129 1.05589161491 7.78215982898 0.731990944996
161 1449 0 0.0 nan 0.560930847475 0.994451112384 5.6337263963 5.06576049057 1.01243394186 7.72967787376 0.732155352532
162 1458 0 0.0 nan 0.531414320375 0.99638645068 5.64525600829 5.06895723051 1.01550599208 7.67795147207 0.72156424068
163 1467 0 0.0 nan 0.493374338939 0.997321199644 5.64770077291 5.06533484292 1.01477740151 7.66529042032 0.727058837048
164 1476 0 0.0 nan 0.495856645907 0.995243647042 5.64166113084 5.06078295528 0.95730204089 7.64658154284 0.73426087688
165 1485 0 0.0 nan 0.508880762121 0.995558899821 5.64460285427 5.06172850185 1.00801463594 7.64121539081 0.731538642584
166 1494 0 0.0 nan 0.507015191264 0.995042335108 5.64114205644 5.06398199092 1.01752190501 7.65832686071 0.731056039081
167 1503 0 0.0 nan 0.497383462551 0.995341505878 5.64252896951 5.06254415213 0.947462439637 7.59778861194 0.728341657444
168 1512 0 0.0 nan 0.471992881583 0.994901501624 5.64178746542 5.06370015548 0.925677168815 7.56985470707 0.724052061156
169 1521 0 0.0 nan 0.414087775608 0.994706857268 5.64000606608 5.06200644397 0.799989578088 7.46280403699 0.721292523011
170 1530 0 0.0 nan 0.42859837652 0.992840916722 5.62950080532 5.06255170484 0.784154335231 7.44826061296 0.72544695976
171 1539 0 0.0 nan 0.442878730558 0.991066718096 5.62056813658 5.06192457955 0.777622237264 7.44894264594 0.729816129699
172 1548 0 0.0 nan 0.420529432165 0.991244906184 5.61975769357 5.06057964026 0.706645713262 7.3710082614 0.72734565313
173 1557 0 0.0 nan 0.406331237535 0.992753793676 5.62959859484 5.06369956214 0.729906390676 7.34616664063 0.715425857137
174 1566 0 0.0 nan 0.388305660338 0.994527242999 5.63846925611 5.06402127843 0.786181424116 7.37642394702 0.714535240358
175 1575 0 0.0 nan 0.427540670442 0.993515608515 5.63252466506 5.06170623061 0.830858440818 7.44134184062 0.724530323442
176 1584 0 0.0 nan 0.42927012314 0.994298449577 5.63713337889 5.06265319257 0.841387802837 7.47456806982 0.722723332914
177 1593 0 0.0 nan 0.450137869303 0.994065340347 5.63729995175 5.06484080694 0.929000091915 7.54478059217 0.725775105479
178 1602 0 0.0 nan 0.441672162207 0.994708545998 5.64104878364 5.06642689968 0.945205672543 7.53991860032 0.720843780295
179 1611 0 0.0 nan 0.413175938981 0.994568441179 5.63897226329 5.06497555753 0.904407555911 7.53009956339 0.723732952199
180 1620 0 0.0 nan 0.438780752217 0.994012077026 5.63717054961 5.06473214801 0.918529499867 7.55387884235 0.724703839307
181 1629 0 0.0 nan 0.444030456236 0.994011088922 5.63648809586 5.06404580651 0.893362038824 7.53573057683 0.723254160131
182 1638 0 0.0 nan 0.438728403478 0.993601753943 5.63494964779 5.0643844101 0.893311921331 7.52667588834 0.725069317197
183 1647 0 0.0 nan 0.445683200252 0.992360018131 5.62784096074 5.06426576261 0.872323740504 7.51391629083 0.726359621139
184 1656 0 0.0 nan 0.415398186948 0.992265623817 5.62780974851 5.06350585181 0.818736434057 7.45649561363 0.72487570031
185 1665 0 0.0 nan 0.43235245521 0.993179396341 5.63277062494 5.06296961405 0.845153535533 7.48026505549 0.723659190367
186 1674 0 0.0 nan 0.406570678611 0.993034209725 5.63226075815 5.06312106149 0.844073156129 7.45827754578 0.723181238765
187 1683 0 0.0 nan 0.388390619856 0.993094118032 5.6327865271 5.06196161738 0.802242908744 7.42473663064 0.722574083227
188 1692 0 0.0 nan 0.388705820115 0.992514289944 5.62928516945 5.06318742924 0.798061039114 7.41858851772 0.722059179619
189 1701 0 0.0 nan 0.367172624248 0.99255221628 5.62894998042 5.06331120207 0.781491754192 7.38164736568 0.721343143153
190 1710 0 0.0 nan 0.380124187942 0.992412284597 5.62853848077 5.06351964935 0.82708329584 7.42854044834 0.723912534002
191 1719 0 0.0 nan 0.363827379724 0.992354438286 5.62848869652 5.063258746 0.792720366119 7.39947213052 0.721488870369
192 1728 0 0.0 nan 0.386392092435 0.992749928613 5.63070822443 5.06449593874 0.841028355634 7.4276680686 0.719602598688
193 1737 0 0.0 nan 0.397562139977 0.993306949614 5.63344879372 5.06462300595 0.871566822872 7.46419909815 0.72045406441
194 1746 0 0.0 nan 0.412085221354 0.992251698627 5.62796998713 5.06429400345 0.852274161444 7.46309513822 0.722790628897
195 1755 0 0.0 nan 0.397860757003 0.991546981084 5.62384533455 5.06319790328 0.812837343961 7.44020896693 0.724566818874
196 1764 0 0.0 nan 0.3853725538 0.991295070363 5.62218550877 5.06289914583 0.790974516183 7.42391122188 0.724647868134
197 1773 0 0.0 nan 0.384709261913 0.992118890689 5.62728011503 5.06310713359 0.794901514655 7.41956083565 0.722703537021
198 1782 0 0.0 nan 0.396066852776 0.991802005051 5.62543804962 5.06342720318 0.794670248034 7.4278577007 0.723227382861
199 1791 0 0.0 nan 0.39778934295 0.991941646137 5.62622275243 5.06314309776 0.789339338798 7.42069094594 0.723745872354
200 1800 0 0.0 nan 0.412992171322 0.992449453409 5.62897820952 5.06313673067 0.803639033724 7.43601672653 0.723836412922
201 1809 0 0.0 nan 0.412162807758 0.992183314291 5.62744967858 5.06336981939 0.788561010482 7.43042653494 0.722313372332
202 1818 0 0.0 nan 0.41084796857 0.992401492942 5.62883319338 5.06397736947 0.777488715091 7.41714761461 0.719721999587
203 1827 0 0.0 nan 0.40756899372 0.992238580408 5.62772561167 5.06358694968 0.780616246497 7.41610832972 0.72072731249
204 1836 0 0.0 nan 0.410346885815 0.992090103076 5.62681411527 5.06367934225 0.783567212143 7.43383588059 0.721515444689
205 1845 0 0.0 nan 0.415331509594 0.991895699132 5.6259516822 5.06364317131 0.790452892975 7.4445038834 0.722571143142
206 1854 0 0.0 nan 0.422407490876 0.991721374726 5.62508828883 5.0637539923 0.781019209561 7.44754766695 0.721872327913
207 1863 0 0.0 nan 0.418992425594 0.991474349626 5.62372102641 5.06387168119 0.756884209481 7.43425072101 0.72086777067
208 1872 0 0.0 nan 0.411222487871 0.991693548239 5.62478992496 5.06437252722 0.767813293683 7.44005437723 0.719673056725
209 1881 0 0.0 nan 0.410326440474 0.991836304945 5.62559300399 5.06408518722 0.747587871405 7.42252741907 0.719244153001
210 1890 0 0.0 nan 0.416858788663 0.991892243005 5.62598802186 5.06402587541 0.756223864198 7.42903096813 0.719909069642
211 1899 0 0.0 nan 0.40979600398 0.991995049465 5.62666125245 5.06443901815 0.765815093025 7.43260551054 0.719443057973
212 1908 0 0.0 nan 0.412490402319 0.991847983999 5.62577207227 5.0641272975 0.762778950048 7.43318273905 0.720257465126
213 1917 0 0.0 nan 0.407112040287 0.991816922268 5.62567012147 5.06447318968 0.75893935865 7.4316248172 0.719277773419
214 1926 0 0.0 nan 0.415814496294 0.991812696905 5.62565021678 5.06480014347 0.763880590475 7.4439726554 0.718986414014
215 1935 0 0.0 nan 0.409013622753 0.991695254155 5.62494169355 5.06443476528 0.74636749032 7.42653808097 0.718697451949
216 1944 0 0.0 nan 0.406820476827 0.991512270561 5.62390030875 5.06422667461 0.739622306706 7.42333235563 0.718936489638
217 1953 0 0.0 nan 0.409963909796 0.99160375228 5.62445733858 5.06423377609 0.745703884135 7.42683211743 0.71912195793
218 1962 0 0.0 nan 0.414479255808 0.991467241232 5.62368007564 5.06439375899 0.746098970873 7.43052779664 0.718965619525
219 1971 0 0.0 nan 0.417463201837 0.991371764212 5.62319344728 5.06430709881 0.743580695224 7.43485789262 0.719317443165
220 1980 0 0.0 nan 0.415132707347 0.991247667206 5.62242449568 5.0640617305 0.731816052214 7.43131247467 0.719280110094
221 1989 0 0.0 nan 0.417330215398 0.991170076266 5.62201004573 5.06421705745 0.727225838938 7.43019535458 0.718993738002
222 1998 0 0.0 nan 0.423233499772 0.991253776969 5.62251081943 5.06431045319 0.74137598715 7.44490433395 0.719790949301
223 2007 0 0.0 nan 0.424443757407 0.991342615449 5.62299318105 5.06424751342 0.747816994656 7.44539102716 0.720024836239
224 2016 0 0.0 nan 0.427444015079 0.991238825362 5.62241437042 5.06412049319 0.748774345314 7.44882354737 0.720539458291
225 2025 0 0.0 nan 0.422721877534 0.99106277675 5.62141627191 5.06397421071 0.74069048455 7.44343821136 0.720826094598
226 2034 0 0.0 nan 0.421256012942 0.991027619977 5.62122800451 5.06416362552 0.739029414918 7.44377693164 0.720489345586
227 2043 0 0.0 nan 0.422944480267 0.991028782141 5.62122143712 5.06421719899 0.744733259418 7.45105943883 0.720745501003
228 2052 0 0.0 nan 0.427154427015 0.991026089052 5.62117409581 5.06424606789 0.746721591873 7.45884823286 0.720918136272
229 2061 0 0.0 nan 0.42364836121 0.990923470418 5.62063583942 5.06422206614 0.7385073329 7.45027156755 0.720542249444
230 2070 0 0.0 nan 0.424748141456 0.990880201633 5.6203673343 5.06417681074 0.734884979358 7.45252201654 0.720513067462
231 2079 0 0.0 nan 0.427001049408 0.990748871816 5.61964305645 5.06408465982 0.729032827685 7.4523137388 0.720576140053
232 2088 0 0.0 nan 0.430772516709 0.990551582806 5.61851153112 5.06428294707 0.719106716632 7.45389496612 0.720139741699
233 2097 0 0.0 nan 0.435506656991 0.990336664175 5.61728421079 5.06413071427 0.71610693831 7.45522673646 0.720760503225
234 2106 0 0.0 nan 0.437078459025 0.990319376685 5.61718016601 5.06403625292 0.71902594765 7.46163431416 0.721402564617
235 2115 0 0.0 nan 0.438806583619 0.990180489783 5.61641536333 5.06385167989 0.719775672898 7.46496574443 0.722130001787
236 2124 0 0.0 nan 0.435147589272 0.990152132598 5.61624558158 5.06376084817 0.717673267874 7.46068249118 0.722082722651
237 2133 0 0.0 nan 0.439399287304 0.989870048193 5.61465005799 5.06347150758 0.703068502496 7.46249059124 0.722589880127
238 2142 0 0.0 nan 0.437034534671 0.989732220354 5.61385787379 5.06329065285 0.69497309767 7.46429354125 0.722741245201
239 2151 0 0.0 nan 0.441214758522 0.989382462401 5.61185344138 5.06322379973 0.692608411028 7.47510849001 0.723608275482
240 2160 0 0.0 nan 0.442008675355 0.989750888212 5.61392413907 5.06376406302 0.706980386498 7.47794347206 0.722296666049
241 2169 0 0.0 nan 0.450459328133 0.989688147509 5.61357341378 5.06388480848 0.7071385385 7.48765286672 0.722241903928
242 2178 0 0.0 nan 0.456252238273 0.989310038671 5.61147239395 5.06361007307 0.699243615293 7.4958067226 0.723474245179
243 2187 0 0.0 nan 0.464569920012 0.988688681959 5.60795483908 5.06330674055 0.674316871598 7.50630042761 0.724327002108
244 2196 0 0.0 nan 0.468381663348 0.988234245243 5.60537308556 5.06346685337 0.655408540757 7.51279500151 0.7239569051
245 2205 0 0.0 nan 0.468242016824 0.988747566011 5.60828226512 5.0637319065 0.669901479146 7.52062836894 0.723443849588
246 2214 0 0.0 nan 0.46478788055 0.988650359108 5.60770779432 5.06342369159 0.660521402405 7.52867961441 0.723978012859
247 2223 0 0.0 nan 0.466282086391 0.988816931826 5.60867895761 5.06419037554 0.660305502239 7.52292530999 0.721870963127
248 2232 0 0.0 nan 0.469401661395 0.988745302219 5.60820609631 5.06408221857 0.655131846036 7.51532287843 0.722071831074
249 2241 0 0.0 nan 0.483905000129 0.988635966377 5.60762779934 5.06399792432 0.657938941934 7.52507476609 0.723350932397
250 2250 0 0.0 nan 0.495074252771 0.988440996528 5.60649469494 5.06405279585 0.637989099141 7.54512020311 0.723175458389
251 2259 0 0.0 nan 0.498022382843 0.987811139876 5.60296860563 5.06389941438 0.619908202662 7.54075049214 0.723762435374
252 2268 0 0.0 nan 0.513720923509 0.987733688581 5.60246009701 5.06385454631 0.605559552479 7.54393179273 0.723303129803
253 2277 0 0.0 nan 0.537490356198 0.987186119508 5.5994093378 5.06395743581 0.568250781115 7.55382101719 0.722924886716
254 2286 0 0.0 nan 0.563492604194 0.986722417739 5.59673801763 5.06396282964 0.562709991291 7.60045064314 0.724759340934
255 2295 0 0.0 nan 0.554698197769 0.986421160832 5.59504203171 5.06385281594 0.555028593745 7.60284619838 0.725130478236
256 2304 0 0.0 nan 0.547241677361 0.986676608153 5.59646664026 5.0645360872 0.584582619953 7.6273096513 0.724528525074
257 2313 0 0.0 nan 0.569374131423 0.98662468614 5.59614069591 5.06467660515 0.55831598377 7.64932553525 0.723854046422
258 2322 0 0.0 nan 0.607369603748 0.98584712458 5.59170962728 5.06448042252 0.519939614136 7.68086420231 0.724592873047
259 2331 0 0.0 nan 0.616641270468 0.985496462271 5.58977210237 5.0641355558 0.521845424422 7.70660999373 0.726608239771
260 2340 0 0.0 nan 0.624064957935 0.984854527681 5.58618636971 5.06429733172 0.504507561722 7.71563661675 0.726933062852
261 2349 0 0.0 nan 0.607013095303 0.984841636316 5.58611822126 5.06385550744 0.488571381404 7.69779690378 0.726566079459
262 2358 0 0.0 nan 0.601694461164 0.985119555817 5.58764778026 5.06379183084 0.495242357343 7.72228983672 0.727163923899
263 2367 0 0.0 nan 0.619098046436 0.985296356017 5.58862816066 5.06424073672 0.515285461869 7.74367903586 0.727632376862
264 2376 0 0.0 nan 0.662274834555 0.984612438331 5.58472873746 5.06457191673 0.502745237928 7.79033187524 0.728662366435
265 2385 0 0.0 nan 0.689671009695 0.983792689455 5.58016022339 5.06361911607 0.448271683969 7.82734631398 0.730629754091
266 2394 0 0.0 nan 0.670410743695 0.984676847567 5.58516743618 5.06370836708 0.489258816435 7.81731932278 0.730503092188
267 2403 0 0.0 nan 0.718307013826 0.984267337334 5.5828351172 5.06344983372 0.47448412438 7.852999595 0.732517341987
268 2412 0 0.0 nan 0.745932429452 0.983344834768 5.57753831203 5.0635334432 0.472851482486 7.89772110358 0.734823977646
269 2421 0 0.0 nan 0.744054249802 0.984629414875 5.58485102276 5.0646317413 0.498829196033 7.87563947515 0.731086408216
270 2430 0 0.0 nan 0.74497918414 0.984802273593 5.58585007424 5.06484059877 0.512476900555 7.85820845254 0.73136925625
271 2439 0 0.0 nan 0.777533185336 0.983692478318 5.57955439439 5.06427537035 0.4783657929 7.91138728662 0.733663675151
272 2448 0 0.0 nan 0.792004270628 0.983474390898 5.57834690577 5.06451594576 0.466551060204 7.92300123912 0.732487962394
273 2457 0 0.0 nan 0.819938942973 0.98298883174 5.57560241374 5.06415565819 0.446065470776 7.94894206246 0.734260852678
274 2466 0 0.0 nan 0.798419441553 0.983464709523 5.57833327237 5.06435723507 0.448836418671 7.92923330014 0.732695249574
275 2475 0 0.0 nan 0.783910545796 0.983673453631 5.57947767082 5.06448376763 0.471222616517 7.92450998974 0.732711182617
276 2484 0 0.0 nan 0.788321594952 0.983299960632 5.57736263335 5.06444166666 0.462208415312 7.944681075 0.733781223656
277 2493 0 0.0 nan 0.760608712944 0.983426519433 5.57810988221 5.06402478708 0.470508317228 7.92134833541 0.734428151102
278 2502 0 0.0 nan 0.735913725314 0.983639658639 5.5793144646 5.06400257704 0.476734452248 7.90548146557 0.733418652158
279 2511 0 0.0 nan 0.717877666921 0.983583744728 5.57897599267 5.0637809774 0.480916370709 7.9114486823 0.734214146082
280 2520 0 0.0 nan 0.719773531282 0.984110894895 5.58194588728 5.06404610546 0.500335462898 7.89018519752 0.733232012015
281 2529 0 0.0 nan 0.720192300066 0.984298730053 5.58303155676 5.06377287415 0.49165328911 7.87263612539 0.732669197451
282 2538 0 0.0 nan 0.738187811025 0.983900548314 5.58076922758 5.06386810483 0.479532179228 7.88698970877 0.733254059208
283 2547 0 0.0 nan 0.755377029195 0.983881193054 5.58066323242 5.06411947621 0.484388074358 7.89357651997 0.73312612678
284 2556 0 0.0 nan 0.741571735578 0.983864866874 5.58061792338 5.06399726048 0.466330752759 7.87155073987 0.732023402025
285 2565 0 0.0 nan 0.738089276955 0.983869024238 5.5806208167 5.06404498734 0.470873954792 7.86886894834 0.732030606166
286 2574 0 0.0 nan 0.731417059294 0.98396660074 5.58118591768 5.06427622299 0.487957808029 7.88010481119 0.732442001415
287 2583 0 0.0 nan 0.731768311909 0.983825058134 5.58038130117 5.06431636099 0.479986809072 7.88958800273 0.732476489785
288 2592 0 0.0 nan 0.725212380176 0.983864598363 5.58060105034 5.0641982368 0.477835224191 7.88352610945 0.73248497608
289 2601 0 0.0 nan 0.708049312321 0.984220230413 5.58262796196 5.06429375806 0.492937309121 7.87498562953 0.732171098755
290 2610 0 0.0 nan 0.704024517996 0.984555358714 5.58453227666 5.06452547189 0.499849525527 7.87013644101 0.731326767387
291 2619 0 0.0 nan 0.703028651749 0.984287972514 5.58301504794 5.06450173764 0.493699940134 7.87441971183 0.73178421863
292 2628 0 0.0 nan 0.722705299206 0.983986728595 5.58130398602 5.06437333171 0.486544255991 7.90261372533 0.732851036074
293 2637 0 0.0 nan 0.722820163743 0.983702743228 5.57969823606 5.06431288232 0.479067137089 7.90309048858 0.733155299147
294 2646 0 0.0 nan 0.706485860144 0.984028854008 5.58153961408 5.06424535712 0.488203162175 7.89625719542 0.732949605847
295 2655 0 0.0 nan 0.70810022281 0.983885214605 5.58073026421 5.06409919241 0.486036855983 7.89905899243 0.733427469512
296 2664 0 0.0 nan 0.716010481258 0.983859497781 5.5805877723 5.06418708661 0.482238281507 7.90675125606 0.733483652651
297 2673 0 0.0 nan 0.711547175905 0.984035952528 5.5815788962 5.06420876195 0.489376826859 7.9053497137 0.733459117659
298 2682 0 0.0 nan 0.709327638527 0.983912630236 5.58087382664 5.06416150023 0.487806023805 7.8985694396 0.733378796567
299 2691 0 0.0 nan 0.72050507918 0.983908173798 5.58085937394 5.06425381687 0.484538257365 7.91725325283 0.733623310635
300 2700 0 0.0 nan 0.719288105233 0.983923820305 5.58095657601 5.06422060828 0.485253805927 7.91057132155 0.733385969085
301 2709 0 0.0 nan 0.711599114747 0.983960125869 5.58116234003 5.06421375183 0.486904655361 7.90366225859 0.733154805008
302 2718 0 0.0 nan 0.71061073374 0.983907559228 5.58086618448 5.06412665736 0.481886585715 7.90385628831 0.73323036869
303 2727 0 0.0 nan 0.708677333598 0.983851010994 5.58054677754 5.06418459948 0.481587856548 7.89703707316 0.732944721358
304 2736 0 0.0 nan 0.703450556632 0.983965807325 5.5811994206 5.06417739353 0.485838694089 7.89728405785 0.733038412343
305 2745 0 0.0 nan 0.700133324316 0.983949682885 5.58110757527 5.06419239805 0.48665939398 7.89593751389 0.732950756969
306 2754 0 0.0 nan 0.702185600029 0.983830049194 5.58042823284 5.06414277802 0.486747166042 7.90519713329 0.733485763772
307 2763 0 0.0 nan 0.699520078763 0.983810935478 5.58031983229 5.06401419806 0.485536813325 7.90258401625 0.733688159221
308 2772 0 0.0 nan 0.695665270488 0.983718637669 5.57979610466 5.06406731295 0.485611719379 7.90329541087 0.73361679044
309 2781 0 0.0 nan 0.70454549566 0.983643527811 5.57936583148 5.06411461296 0.480352479969 7.91023595583 0.733651723493
310 2790 0 0.0 nan 0.701223603069 0.983697174301 5.57967315904 5.0640609121 0.480585115358 7.90457975869 0.733469509707
311 2799 0 0.0 nan 0.701767024254 0.983679628251 5.57957299558 5.06413771974 0.482194697316 7.89995291159 0.73328593817
312 2808 0 0.0 nan 0.697861431794 0.983750905178 5.57997917056 5.06409063519 0.481405909981 7.89816110052 0.733175542201
313 2817 0 0.0 nan 0.695077263497 0.983780461371 5.58014930966 5.06406267686 0.483531516345 7.89432410857 0.733172298868
314 2826 0 0.0 nan 0.698956026404 0.983654474578 5.57943310931 5.06408055588 0.481789126796 7.90211596499 0.733496913629
315 2835 0 0.0 nan 0.697604341503 0.983700128424 5.57969278865 5.06407112927 0.481656981881 7.89562556177 0.733202879625
316 2844 0 0.0 nan 0.697095016721 0.983751502365 5.57998483798 5.06409338896 0.48389203155 7.8939499627 0.733100807955
317 2853 0 0.0 nan 0.696618334762 0.98378944163 5.58019817006 5.06407682709 0.483854974367 7.89329335722 0.733113261568
318 2862 0 0.0 nan 0.698767890102 0.983716098299 5.5797840549 5.06408751757 0.482577255846 7.89561220815 0.733177007822
319 2871 0 0.0 nan 0.699716813373 0.983749823943 5.57997471315 5.06408139118 0.483617914914 7.89520845564 0.733235242857
320 2880 0 0.0 nan 0.699118896569 0.983779510423 5.58014295708 5.06407525053 0.484704716378 7.89319465258 0.733198265712
321 2889 0 0.0 nan 0.701692157195 0.983796995887 5.58024291787 5.0641010871 0.484951284098 7.89346302581 0.733133223284
322 2898 0 0.0 nan 0.702990701419 0.98382436432 5.58039853296 5.06411069661 0.486105544034 7.89343304863 0.733133516813
323 2907 0 0.0 nan 0.707412489416 0.983809361222 5.5803133451 5.06415456059 0.487044019034 7.89632298444 0.733192603718
324 2916 0 0.0 nan 0.705893638578 0.983795057816 5.58023176182 5.06415034079 0.488199594624 7.89508855539 0.733205637346
325 2925 0 0.0 nan 0.707579066037 0.983808232229 5.5803065723 5.0641689752 0.489009803339 7.89454337106 0.73319854614
326 2934 0 0.0 nan 0.709927650207 0.983782935252 5.58016335651 5.06418669667 0.487143129131 7.89387893809 0.733085080768
327 2943 0 0.0 nan 0.707790910046 0.983748773809 5.57996918644 5.06413972213 0.485405029647 7.89471901802 0.733173006167
328 2952 0 0.0 nan 0.708642974517 0.983843973049 5.58050924167 5.0641957479 0.487240186559 7.89132715911 0.732938011284
329 2961 0 0.0 nan 0.708823982096 0.983902508841 5.58084132302 5.06421350546 0.489380339614 7.89175141417 0.732910021429
330 2970 0 0.0 nan 0.70640167935 0.983915137685 5.58091342282 5.06420060732 0.489007601019 7.89107527287 0.732888708023
331 2979 0 0.0 nan 0.702093944552 0.983903508566 5.58084744731 5.06410754179 0.487604639906 7.88749756028 0.732898654749
332 2988 0 0.0 nan 0.707666637144 0.98388712053 5.58075406944 5.06416988343 0.485830647018 7.89257226147 0.732925584388
333 2997 0 0.0 nan 0.709401102234 0.983957638871 5.58115429364 5.06420111263 0.486161062568 7.89291625737 0.732839140933
334 3006 0 0.0 nan 0.707193515458 0.983924266648 5.58096507258 5.06416054129 0.485879225288 7.89191657298 0.732924828033
335 3015 0 0.0 nan 0.710453192681 0.983901321061 5.5808348949 5.06416485058 0.485812006658 7.8945821167 0.733046173707
336 3024 0 0.0 nan 0.708255613219 0.983875297696 5.58068708054 5.06414769388 0.486205325957 7.89279238177 0.733042945473
337 3033 0 0.0 nan 0.705185224258 0.983826126435 5.58040813177 5.06410536127 0.484872493321 7.89510000342 0.733195416681
338 3042 0 0.0 nan 0.707617733809 0.983851390754 5.58055173746 5.06412310476 0.484451282969 7.89394313009 0.733083801477
339 3051 0 0.0 nan 0.709548256452 0.983851120962 5.580550306 5.06412997815 0.484387375393 7.89506139747 0.733127839313
340 3060 0 0.0 nan 0.709391893926 0.983854466917 5.58056921252 5.06414905043 0.485482801292 7.89498990906 0.733128765812
341 3069 0 0.0 nan 0.710579540669 0.983843081009 5.58050497741 5.06415685803 0.485883833143 7.89350728468 0.733093499323
342 3078 0 0.0 nan 0.712080825831 0.9838649289 5.58062885446 5.06417405789 0.486844715645 7.89400647682 0.733108246937
343 3087 0 0.0 nan 0.710595131294 0.983886363878 5.58075040517 5.06417250619 0.486363022365 7.89199238236 0.732994257355
344 3096 0 0.0 nan 0.711390355333 0.983916221312 5.58091997479 5.06419271646 0.487031575101 7.89314064456 0.732988037197
345 3105 0 0.0 nan 0.710858760867 0.983874557285 5.58068336647 5.06417757214 0.486479431344 7.89491271487 0.733080540875
346 3114 0 0.0 nan 0.711306371566 0.983875806882 5.58069065301 5.06418135104 0.48664927145 7.89602966243 0.733120176218
347 3123 0 0.0 nan 0.710945689243 0.983868093287 5.58064687357 5.06417728841 0.487298052463 7.89486728111 0.733122662847
348 3132 0 0.0 nan 0.709817093473 0.983866554529 5.58063804575 5.06415853047 0.486789894683 7.89625114715 0.733177335376
349 3141 0 0.0 nan 0.710911655195 0.983885834889 5.58074762152 5.06417646605 0.487250258738 7.89540736743 0.733132102974
350 3150 0 0.0 nan 0.711298324577 0.983908554645 5.58087655286 5.06418594589 0.487205777123 7.89518140989 0.733083252929
351 3159 0 0.0 nan 0.711638459268 0.983904659698 5.58085436002 5.06418047771 0.486977753476 7.89487400882 0.733085836617
352 3168 0 0.0 nan 0.711267125894 0.983906308708 5.58086376799 5.06417462452 0.487232840001 7.89541312485 0.733123749244
353 3177 0 0.0 nan 0.711119331654 0.983898064217 5.58081710232 5.06415945129 0.486537827584 7.89561681661 0.733142419443
354 3186 0 0.0 nan 0.709959760102 0.983901072358 5.58083408519 5.06415338839 0.486697933019 7.89449636461 0.733110539907
355 3195 0 0.0 nan 0.710301080598 0.983892764819 5.58078702899 5.06416279848 0.486846835043 7.89483064862 0.733115846339
356 3204 0 0.0 nan 0.710545705068 0.98387747811 5.58070027014 5.06416121499 0.486508678141 7.89584756466 0.733147025061
357 3213 0 0.0 nan 0.710688640422 0.983884405795 5.58073955618 5.06416927293 0.486417080746 7.89637875576 0.733137731076
358 3222 0 0.0 nan 0.711703567819 0.983883685363 5.58073553398 5.0641680945 0.486179393151 7.89632161158 0.733133462174
359 3231 0 0.0 nan 0.711837889823 0.983896026613 5.58080552348 5.06417273622 0.486809352569 7.89617549044 0.73313838127
360 3240 0 0.0 nan 0.712473372612 0.983885898199 5.58074810756 5.06417491526 0.486863173742 7.89634642552 0.733158140029
361 3249 0 0.0 nan 0.711647301157 0.98388596608 5.58074850222 5.06416327819 0.486997325073 7.8966246339 0.733191360816
362 3258 0 0.0 nan 0.710876383091 0.983909181378 5.58088015814 5.06416753444 0.487468590284 7.89606846279 0.733154491047
363 3267 0 0.0 nan 0.711088374554 0.983907388335 5.58087000515 5.06416557007 0.48768591799 7.89616582075 0.73318028817
364 3276 0 0.0 nan 0.711484191261 0.983905407436 5.58085876145 5.06416927676 0.487331346067 7.89665900076 0.733176743607
365 3285 0 0.0 nan 0.711032463724 0.983906279086 5.58086370077 5.06416304838 0.48711685418 7.89566780923 0.733151211419
366 3294 0 0.0 nan 0.710716343609 0.983903193624 5.58084618508 5.06416202649 0.486877590839 7.89528479508 0.733135462445
367 3303 0 0.0 nan 0.71116648173 0.983904382462 5.58085295107 5.06416177767 0.487073412955 7.8952894133 0.733147970383
368 3312 0 0.0 nan 0.711549480226 0.983895309575 5.58080145251 5.06416188409 0.486820569659 7.89579138534 0.73316311994
369 3321 0 0.0 nan 0.711355933053 0.983903690703 5.58084903418 5.06416160894 0.486820987483 7.89547468332 0.733144462674
370 3330 0 0.0 nan 0.711385660109 0.983912988504 5.58090178097 5.06416205346 0.486772423506 7.89504498879 0.733117854958
371 3339 0 0.0 nan 0.71070939602 0.983910851458 5.58088964386 5.06415754804 0.486811461956 7.89494476999 0.733122244166
372 3348 0 0.0 nan 0.710743589443 0.983909159758 5.58088007429 5.06415989083 0.486948261384 7.895122545 0.733130213146
373 3357 0 0.0 nan 0.710631182264 0.983906828239 5.58086683885 5.06416198624 0.486964139538 7.89550584586 0.733139228801
374 3366 0 0.0 nan 0.71060458881 0.983911020119 5.58089061194 5.06416276714 0.487076945254 7.89537879498 0.733132327334
375 3375 0 0.0 nan 0.710804742401 0.983916022216 5.58091900164 5.06416495796 0.487270854028 7.89543923939 0.733132516394
376 3384 0 0.0 nan 0.710862373983 0.983917606624 5.58092798075 5.0641654708 0.487288599851 7.89566732121 0.733136141987
377 3393 0 0.0 nan 0.71112982039 0.983918116226 5.58093088357 5.06416552289 0.487308378486 7.8956301477 0.733139594039
378 3402 0 0.0 nan 0.710903728553 0.983921152386 5.58094810288 5.06416571055 0.487328618577 7.89559446861 0.733135292635
379 3411 0 0.0 nan 0.710867555064 0.983923392204 5.58096080683 5.06416488534 0.487392658007 7.89562987385 0.733139275206
380 3420 0 0.0 nan 0.710878637871 0.983922707743 5.58095692629 5.06416451087 0.487352775863 7.89580326136 0.733143595318
381 3429 0 0.0 nan 0.710651022909 0.983918246301 5.58093162495 5.0641616692 0.487285506764 7.89582496585 0.733150777391
382 3438 0 0.0 nan 0.710514686008 0.983919627671 5.58093945008 5.06416253332 0.487193887579 7.89578123846 0.733142250747
383 3447 0 0.0 nan 0.71049052252 0.983916868726 5.58092378178 5.06416378299 0.487181591342 7.89568881851 0.73313786993
384 3456 0 0.0 nan 0.710624023747 0.983917569549 5.58092776668 5.06416595863 0.48727910786 7.89571498277 0.733138287731
385 3465 0 0.0 nan 0.710734186214 0.983916388735 5.58092108021 5.06416350489 0.487268414374 7.89576797203 0.733147402402
386 3474 0 0.0 nan 0.710426880467 0.9839188006 5.58093476847 5.06416053231 0.487278977758 7.8955867965 0.733144438374
387 3483 0 0.0 nan 0.710482779151 0.983916655239 5.58092259895 5.06416044175 0.48720111191 7.89573211536 0.733150078727
388 3492 0 0.0 nan 0.710461608591 0.983913054275 5.58090217451 5.06416121686 0.487224001742 7.89582618578 0.733153949097
389 3501 0 0.0 nan 0.710753337611 0.98391296244 5.5809016521 5.06416232006 0.487243557885 7.89592076598 0.73315753858
390 3510 0 0.0 nan 0.710710616688 0.983916447062 5.58092141614 5.06416301947 0.487198080675 7.89596590184 0.73315108486
391 3519 0 0.0 nan 0.71069536376 0.983916124026 5.58091958437 5.06416283841 0.487242453417 7.89582969144 0.733149088611
392 3528 0 0.0 nan 0.710720585009 0.983917974618 5.58093008447 5.06416323459 0.487230598597 7.89585866594 0.733147002714
393 3537 0 0.0 nan 0.710685993196 0.983916361192 5.58092093292 5.06416387858 0.487207423747 7.89597646218 0.733148672005
394 3546 0 0.0 nan 0.710715431514 0.983918085792 5.58093071632 5.0641649314 0.487271536931 7.8959142935 0.733144744356
395 3555 0 0.0 nan 0.710665884173 0.983919034144 5.58093609481 5.06416558262 0.487328231904 7.89591431778 0.733144056183
396 3564 0 0.0 nan 0.710594673932 0.98391941661 5.58093826469 5.06416566934 0.487295429526 7.89582906289 0.733138537119
397 3573 0 0.0 nan 0.710542123746 0.983920792537 5.58094607017 5.06416544858 0.48733940096 7.89577042364 0.733137436991
398 3582 0 0.0 nan 0.710556906471 0.983920427912 5.58094399991 5.06416534723 0.487328792096 7.89571332067 0.733136359275
399 3591 0 0.0 nan 0.710535773003 0.983919458598 5.58093850395 5.06416554589 0.487303040656 7.89576241623 0.733136845707
400 3600 0 0.0 nan 0.710555712911 0.983920551898 5.58094470552 5.06416612686 0.487318584441 7.89575866619 0.733135481566
401 3609 0 0.0 nan 0.710566360445 0.983920461976 5.58094419527 5.06416605424 0.487334063721 7.89577267563 0.733136691518
402 3618 0 0.0 nan 0.710642995561 0.983920977604 5.58094712025 5.06416643099 0.487356373484 7.89577977286 0.73313734897
403 3627 0 0.0 nan 0.710595371792 0.983920493018 5.58094437172 5.06416533913 0.487319390829 7.89576793258 0.733138536956
404 3636 0 0.0 nan 0.710700503323 0.983920305216 5.5809433068 5.06416582315 0.487314743528 7.89582759174 0.733139979535
405 3645 0 0.0 nan 0.71062443658 0.983920642992 5.58094522258 5.06416579091 0.487307899576 7.89578416398 0.733137366664
406 3654 0 0.0 nan 0.710518389399 0.983920873233 5.58094652845 5.06416537219 0.487306518855 7.8957429186 0.733135574052
407 3663 0 0.0 nan 0.710479372106 0.983920544433 5.58094466382 5.06416517785 0.487304161778 7.89572968487 0.733135888438
408 3672 0 0.0 nan 0.710438919505 0.983921424763 5.58094965722 5.06416560883 0.487317369957 7.89570404231 0.73313287281
409 3681 0 0.0 nan 0.710441302317 0.983921381546 5.58094941218 5.06416527235 0.487323830644 7.89570782293 0.733134729265
410 3690 0 0.0 nan 0.710432261452 0.983920729716 5.58094571512 5.06416534359 0.487311906168 7.89573421861 0.733135472896
411 3699 0 0.0 nan 0.710379912357 0.983920287699 5.58094320796 5.06416530508 0.48729604296 7.89567453038 0.733132795486
412 3708 0 0.0 nan 0.71039314015 0.983920582373 5.58094487926 5.06416490703 0.487284674865 7.8956351221 0.733132254958
413 3717 0 0.0 nan 0.710357806721 0.983920613269 5.58094505439 5.06416500851 0.487280120756 7.89562923984 0.73313110618
414 3726 0 0.0 nan 0.710398611164 0.983920546006 5.58094467282 5.06416491079 0.487261492751 7.89560705149 0.733130552585
415 3735 0 0.0 nan 0.710336148218 0.983920809085 5.58094616598 5.06416486365 0.48726224624 7.89557927817 0.733128946808
416 3744 0 0.0 nan 0.710296899128 0.983920501424 5.58094442033 5.06416444957 0.487252643715 7.89552530813 0.73312818736
417 3753 0 0.0 nan 0.710320515724 0.98392062598 5.58094512638 5.06416419136 0.487251538739 7.89556397828 0.733130439838
418 3762 0 0.0 nan 0.710302882744 0.98392029266 5.58094323634 5.0641642276 0.487250080852 7.89556039333 0.733130177614
419 3771 0 0.0 nan 0.710312337685 0.983920187813 5.58094264197 5.06416417055 0.487241995408 7.89554353155 0.733129778228
420 3780 0 0.0 nan 0.710297315695 0.983919928627 5.58094117167 5.06416428558 0.487217113754 7.89553820066 0.73312852121
421 3789 0 0.0 nan 0.710298879331 0.983919703358 5.58093989405 5.06416440211 0.487225699706 7.89555341093 0.733129048744
422 3798 0 0.0 nan 0.710289313617 0.983919366848 5.58093798533 5.06416400883 0.487202154664 7.89554086826 0.73312946896
423 3807 0 0.0 nan 0.710259919992 0.983919181354 5.58093693309 5.06416390052 0.487185827953 7.89552007662 0.733128001166
424 3816 0 0.0 nan 0.710231793683 0.983919090079 5.58093641543 5.06416387012 0.487188262321 7.8954868503 0.733126668385
425 3825 0 0.0 nan 0.71022421244 0.983919106419 5.5809365082 5.06416393692 0.487182089157 7.89549333789 0.733126425455
426 3834 0 0.0 nan 0.710223220618 0.983918489149 5.58093300686 5.06416388465 0.487165816182 7.89550450864 0.733126836223
427 3843 0 0.0 nan 0.710223379812 0.983918240934 5.58093159898 5.06416382451 0.487165620738 7.8955069767 0.733126958957
428 3852 0 0.0 nan 0.710200240921 0.983918378407 5.58093237877 5.06416394887 0.487157888149 7.8954853388 0.733125136686
429 3861 0 0.0 nan 0.710218644049 0.983918127777 5.58093095693 5.06416398433 0.487156528912 7.8955149352 0.73312597917
430 3870 0 0.0 nan 0.710264105405 0.983918160028 5.58093114001 5.06416437793 0.487174683665 7.89553774917 0.733126929026
431 3879 0 0.0 nan 0.710248659078 0.983918444272 5.58093275227 5.06416450397 0.487181016398 7.89553022838 0.733126432883
432 3888 0 0.0 nan 0.710251967845 0.98391804565 5.58093049123 5.06416451391 0.487173851494 7.89553769568 0.733126491145
433 3897 0 0.0 nan 0.710262930049 0.98391785824 5.58092942826 5.06416432178 0.487162195486 7.89554357994 0.733127055341
434 3906 0 0.0 nan 0.710257484778 0.983917645291 5.58092822041 5.0641641977 0.48716291835 7.89554356234 0.733127644862
435 3915 0 0.0 nan 0.710292219386 0.983917677934 5.58092840568 5.06416442397 0.487157856521 7.89556788199 0.733127848073
436 3924 0 0.0 nan 0.710276763468 0.983917638287 5.58092818065 5.06416453308 0.487154624012 7.89556929671 0.733127143632
437 3933 0 0.0 nan 0.710260560171 0.983917566389 5.58092777295 5.06416418383 0.487141421618 7.8955481947 0.733127271761
438 3942 0 0.0 nan 0.710277884379 0.983917490707 5.58092734371 5.06416423605 0.487132363603 7.89556549905 0.733127710461
439 3951 0 0.0 nan 0.710262174966 0.983917688992 5.58092846825 5.06416425591 0.487133379013 7.89555741644 0.733127184099
440 3960 0 0.0 nan 0.710266709825 0.983917459022 5.58092716403 5.06416430938 0.487121089608 7.8955707801 0.73312717526
441 3969 0 0.0 nan 0.710256188537 0.98391727648 5.58092612847 5.064164309 0.487120885182 7.89556526575 0.733127112653
442 3978 0 0.0 nan 0.710292273458 0.983917194623 5.58092566424 5.0641643837 0.487121017553 7.895585754 0.733128036509
443 3987 0 0.0 nan 0.71027573113 0.983917189365 5.58092563434 5.06416430652 0.487117673883 7.89556855265 0.733127503225
444 3996 0 0.0 nan 0.710275879574 0.98391732516 5.58092640463 5.06416432578 0.487114158324 7.89556448476 0.73312721372
445 4005 0 0.0 nan 0.710259794874 0.983917263057 5.58092605234 5.06416432798 0.487111878533 7.89555171525 0.733126505825
446 4014 0 0.0 nan 0.710244325719 0.983917279981 5.58092614844 5.06416425806 0.487112460097 7.89555122637 0.733126433831
447 4023 0 0.0 nan 0.710249272339 0.983917130194 5.58092529881 5.06416432074 0.487106558273 7.89556709149 0.733126776144
448 4032 0 0.0 nan 0.710246087415 0.983917134881 5.58092532536 5.06416431511 0.487109833857 7.89557058203 0.73312686266
449 4041 0 0.0 nan 0.710260119891 0.983917086756 5.58092505246 5.0641643077 0.487111380808 7.89558793167 0.733127739318
450 4050 0 0.0 nan 0.7102449969 0.983917362267 5.5809266152 5.06416431173 0.487111988137 7.89555867676 0.733126585576
451 4059 0 0.0 nan 0.710217475414 0.983917495343 5.58092737005 5.06416418967 0.487111404894 7.89552775981 0.733125690883
452 4068 0 0.0 nan 0.710211090416 0.983917863491 5.58092945821 5.0641640849 0.487111725608 7.89550349144 0.733125032736
453 4077 0 0.0 nan 0.710230005659 0.983917717269 5.58092862879 5.0641642106 0.487111447943 7.89551927473 0.733125620047
454 4086 0 0.0 nan 0.710235371575 0.983917591023 5.58092791272 5.06416429108 0.487113840212 7.89553412992 0.733125822746
455 4095 0 0.0 nan 0.710241030117 0.983917265849 5.58092606831 5.06416430907 0.487102069412 7.8955373088 0.733125805047
456 4104 0 0.0 nan 0.710245963331 0.983916912452 5.58092406377 5.06416426172 0.487092898261 7.89554927705 0.733126302126
457 4113 0 0.0 nan 0.710248105605 0.98391677383 5.58092327749 5.06416433276 0.48708362673 7.89555173912 0.733126064376
458 4122 0 0.0 nan 0.71024014408 0.983916217706 5.58092012303 5.06416441207 0.487062426548 7.89556789911 0.733125924714
459 4131 0 0.0 nan 0.710238062968 0.983916157053 5.58091977905 5.06416440641 0.48705276933 7.89555912971 0.733125297903
460 4140 0 0.0 nan 0.710270138696 0.983915605084 5.58091664808 5.06416445443 0.487041845298 7.8955963091 0.733126637471
461 4149 0 0.0 nan 0.710264338765 0.983916303839 5.58092061156 5.06416443212 0.487062603942 7.89557746207 0.733126198945
462 4158 0 0.0 nan 0.710250238375 0.983916732007 5.58092304028 5.06416434526 0.487081036197 7.8955549555 0.733125975961
463 4167 0 0.0 nan 0.7102348214 0.983916950436 5.58092427923 5.06416431676 0.487091130447 7.89554980886 0.733125767113
464 4176 0 0.0 nan 0.710210212106 0.983916949797 5.58092427564 5.06416424277 0.48708090892 7.89551668368 0.733124349596
465 4185 0 0.0 nan 0.710203926016 0.983916857291 5.5809237509 5.06416431912 0.487069819856 7.89551214214 0.733123682593
466 4194 0 0.0 nan 0.71021011241 0.983916733844 5.58092305072 5.06416437092 0.487070534127 7.89552024581 0.733123932617
467 4203 0 0.0 nan 0.710197850189 0.983916496126 5.58092170235 5.06416435942 0.487059853115 7.89550346786 0.733123406508
468 4212 0 0.0 nan 0.710238497305 0.983916087925 5.58091938697 5.06416445754 0.487054376676 7.89554776993 0.733124837756
469 4221 0 0.0 nan 0.71022556478 0.983916012973 5.5809189618 5.06416451237 0.487050455197 7.89554345003 0.733124353699
470 4230 0 0.0 nan 0.71024394249 0.98391598712 5.58091881518 5.0641645363 0.487047602948 7.89556595945 0.73312512289
471 4239 0 0.0 nan 0.710247540208 0.983915707092 5.5809172268 5.06416462128 0.487047901119 7.8955820352 0.733125620106
472 4248 0 0.0 nan 0.710264518767 0.983915523423 5.58091618502 5.0641646827 0.48704031787 7.89559076764 0.73312571906
473 4257 0 0.0 nan 0.710243419847 0.983915679688 5.58091707137 5.06416469778 0.487039233321 7.89556097032 0.733124431698
474 4266 0 0.0 nan 0.710233780615 0.983916240763 5.58092025387 5.0641646513 0.487060570263 7.89554691841 0.733124320215
475 4275 0 0.0 nan 0.710258686834 0.983916051788 5.58091918199 5.06416466448 0.487054598385 7.89556604379 0.733125030188
476 4284 0 0.0 nan 0.71025903533 0.983915919494 5.5809184316 5.06416469029 0.487050338491 7.89557421 0.733125144493
477 4293 0 0.0 nan 0.710257967374 0.983915917175 5.58091841843 5.06416462719 0.487048687717 7.89557156737 0.733125190026
478 4302 0 0.0 nan 0.710258838827 0.983915972388 5.58091873161 5.06416453988 0.48705099584 7.89556774684 0.733125315574
479 4311 0 0.0 nan 0.710258759907 0.983916040757 5.58091911943 5.06416454227 0.487051802236 7.89556508851 0.733125172344
480 4320 0 0.0 nan 0.710241227776 0.98391631064 5.58092065025 5.06416445075 0.487057465277 7.89554956294 0.733124687831
481 4329 0 0.0 nan 0.710244468717 0.983916070484 5.58091928804 5.06416446146 0.48704988884 7.8955554154 0.733124856081
482 4338 0 0.0 nan 0.7102533315 0.983915845399 5.58091801132 5.06416439936 0.487046391735 7.89556609816 0.733125359783
483 4347 0 0.0 nan 0.710256662309 0.983915713892 5.5809172654 5.0641643506 0.487046156639 7.89557147444 0.733125704772
484 4356 0 0.0 nan 0.710260350913 0.983915647499 5.5809168888 5.06416441541 0.487042780077 7.89557476411 0.733125678676
485 4365 0 0.0 nan 0.710250143627 0.983915542934 5.58091629569 5.06416436603 0.487041781524 7.89557030139 0.733125490855
486 4374 0 0.0 nan 0.71024423873 0.983915648572 5.58091689489 5.06416437827 0.487038621722 7.89556385412 0.733125189821
487 4383 0 0.0 nan 0.710237266669 0.983915720886 5.58091730505 5.06416436324 0.48704214342 7.89554874568 0.733124720199
488 4392 0 0.0 nan 0.710252699495 0.983915559273 5.58091638837 5.0641644003 0.487043999798 7.89556893955 0.733125450307
489 4401 0 0.0 nan 0.710239328008 0.983915853351 5.58091805643 5.06416433156 0.487053932865 7.89555680299 0.733125234009
490 4410 0 0.0 nan 0.710227689141 0.983915947947 5.58091859299 5.06416424725 0.487059591253 7.89554334074 0.733125061552
491 4419 0 0.0 nan 0.710234474497 0.983915748024 5.58091745899 5.06416430086 0.487049846436 7.89555780438 0.733125358816
492 4428 0 0.0 nan 0.710229759844 0.983915970152 5.58091871895 5.06416433443 0.487051634842 7.89555056786 0.733124966632
493 4437 0 0.0 nan 0.710222816579 0.983916063725 5.58091924971 5.06416434373 0.48705877205 7.89554547902 0.733124832941
494 4446 0 0.0 nan 0.710229391263 0.98391583574 5.58091795654 5.06416438559 0.487055857255 7.89555595662 0.7331251909
495 4455 0 0.0 nan 0.710248072937 0.983915608418 5.58091666713 5.06416436806 0.487050244934 7.89556915502 0.73312568814
496 4464 0 0.0 nan 0.710239706902 0.983915608189 5.58091666584 5.06416428635 0.487048254744 7.89556297231 0.733125594602
497 4473 0 0.0 nan 0.710237626733 0.98391571327 5.58091726188 5.06416423021 0.487049036459 7.89555352969 0.733125387891
498 4482 0 0.0 nan 0.710225414635 0.983915813385 5.58091782975 5.06416418179 0.487052387053 7.89554393465 0.733125040892
499 4491 0 0.0 nan 0.710236663869 0.983915660987 5.58091696531 5.06416414236 0.487052003619 7.89555988861 0.733125762866
500 4500 0 0.0 nan 0.710226000659 0.983915827419 5.58091790935 5.06416405637 0.487055590198 7.8955394403 0.733125237329
