%  columns="iteration, evaluation, sigma, max axis length,  min axis length, all principle axes lengths  (sorted square roots of eigenvalues of C)", seed=305655, Mon Feb 22 19:32:43 2016
0 0 0.5 1.00004285806 1.0 1.0 1.00000714288 1.00001428582 1.0000214288 1.00002857184 1.00003571492 1.00004285806
1 9 0.476887706289 1.00004285806 1.0 1.0 1.00000714288 1.00001428582 1.0000214288 1.00002857184 1.00003571492 1.00004285806
2 18 0.505613161153 1.08057826678 0.928498221795 0.928498221795 0.960041112171 0.969570441589 0.984896439001 0.985985781986 1.00922044101 1.08057826678
3 27 0.450020115745 1.20578762762 0.89850283889 0.89850283889 0.94190371531 0.953365244972 0.973352729067 0.983309578927 1.01067104096 1.20578762762
4 36 0.419008007342 1.2102856957 0.870104507375 0.870104507375 0.924985727867 0.936956684888 0.946970360694 0.972727457229 0.989083453636 1.2102856957
5 45 0.401161611712 1.22080680856 0.812009845111 0.812009845111 0.907111582416 0.916228404279 0.957352968793 0.979989741911 1.02709165406 1.22080680856
6 54 0.356578033028 1.25479762379 0.785703657157 0.785703657157 0.870699936979 0.885421316184 0.939909914422 0.973202235353 1.0464785411 1.25479762379
7 63 0.345382188897 1.2306784488 0.777171354533 0.777171354533 0.834747398937 0.861831360277 0.923889300268 0.968883191112 1.04842556882 1.2306784488
8 72 0.327064612113 1.22404483933 0.763948218967 0.763948218967 0.794855552261 0.851579022429 0.940155777629 0.969130976164 1.05056565041 1.22404483933
9 81 0.333182135231 1.20513499476 0.751298374883 0.751298374883 0.76437016014 0.806143879856 0.926806896575 0.979656753387 1.06566700054 1.20513499476
10 90 0.313920110413 1.18751521375 0.720736126906 0.720736126906 0.760043873525 0.813606150752 0.910802385555 0.971400078526 1.08591620491 1.18751521375
11 99 0.319260597542 1.17109839952 0.686805103925 0.686805103925 0.752668872993 0.799094093694 0.899603963092 0.968492257666 1.07090451173 1.17109839952
12 108 0.303188205677 1.32515894209 0.683192777864 0.683192777864 0.719599388821 0.782722415347 0.878487428182 0.952238519127 1.06168606277 1.32515894209
13 117 0.290313109555 1.34104398573 0.653950064308 0.653950064308 0.703864578821 0.771925420022 0.859975047715 0.994077772752 1.08950175273 1.34104398573
14 126 0.287334526679 1.37310866315 0.608045964482 0.608045964482 0.690089719329 0.765867432033 0.844993350119 0.978959032262 1.10514642681 1.37310866315
15 135 0.273298672391 1.38154297144 0.572796399607 0.572796399607 0.683733070723 0.745792722751 0.846752482493 0.986250273813 1.09218949977 1.38154297144
16 144 0.255484314886 1.39449093261 0.541784465795 0.541784465795 0.676798052686 0.722575215363 0.822193258849 0.98045252876 1.07273259004 1.39449093261
17 153 0.281838029702 1.41901443212 0.517779333149 0.517779333149 0.664841515637 0.709979288658 0.799459532902 0.965653747165 1.04925254947 1.41901443212
18 162 0.279961494464 1.45525927952 0.490259561593 0.490259561593 0.64914003743 0.695425495518 0.874509744985 0.979027753113 1.04086239156 1.45525927952
19 171 0.276003397254 1.44345892347 0.464803325123 0.464803325123 0.644615866166 0.701056710989 0.860046893325 0.950861291093 1.07535759993 1.44345892347
20 180 0.237723195748 1.43787477159 0.449827132756 0.449827132756 0.66658606105 0.704030111743 0.830226558936 0.935787717976 1.05761799329 1.43787477159
21 189 0.239121312111 1.4358137248 0.419803296372 0.419803296372 0.650586776272 0.694509657647 0.827894158343 0.934648035517 1.03657583339 1.4358137248
22 198 0.218143968738 1.40531899873 0.411718183838 0.411718183838 0.622917001262 0.684592967475 0.819396404811 0.982405634582 1.02824321029 1.40531899873
23 207 0.188954448466 1.37620515799 0.400128220255 0.400128220255 0.613887485722 0.682615205158 0.805920030289 0.955610423452 1.0148855111 1.37620515799
24 216 0.176536950221 1.3526544987 0.391496606803 0.391496606803 0.579048975622 0.668021332358 0.80685306468 0.946457837578 0.996209047975 1.3526544987
25 225 0.168119521507 1.34135299846 0.376695483569 0.376695483569 0.576881698673 0.656718837544 0.802378133096 0.907291273008 1.0046577848 1.34135299846
26 234 0.147983122471 1.33556845509 0.364014821062 0.364014821062 0.555038971415 0.65009810541 0.796692171209 0.879898453072 1.00616834903 1.33556845509
27 243 0.130706085733 1.33327082942 0.348192896187 0.348192896187 0.547239935704 0.625598185483 0.779902684178 0.880773783986 0.969552993374 1.33327082942
28 252 0.120892631834 1.32503291613 0.333679869731 0.333679869731 0.535480827458 0.628552744443 0.770290100255 0.863563773904 0.94874143922 1.32503291613
29 261 0.126414823828 1.34410208043 0.324147969295 0.324147969295 0.520779094376 0.66496408881 0.749632419593 0.840660349964 0.910039199269 1.34410208043
30 270 0.119743502585 1.30740131609 0.303272544507 0.303272544507 0.510840661088 0.662402665612 0.770788759996 0.835245238114 0.963929999596 1.30740131609
31 279 0.118343353781 1.29132969064 0.283250373128 0.283250373128 0.498214372137 0.650148719172 0.783769239334 0.841742008264 0.966865555975 1.29132969064
32 288 0.105999658461 1.29920747816 0.276791367948 0.276791367948 0.469778539474 0.633552673718 0.788054710246 0.841694933492 0.985689540107 1.29920747816
33 297 0.0948997764703 1.28777337219 0.270187657029 0.270187657029 0.45254931319 0.629324272595 0.764512237582 0.827069685929 0.996864485738 1.28777337219
34 306 0.0858637290166 1.27411944503 0.262945683611 0.262945683611 0.447509140521 0.625826254631 0.777144411847 0.805909142334 0.978781632278 1.27411944503
35 315 0.0836354681737 1.25566979589 0.259667825344 0.259667825344 0.42773938992 0.616254405442 0.750512820491 0.78961163476 0.987521291489 1.25566979589
36 324 0.0824195576176 1.22374763694 0.245264162827 0.245264162827 0.422674554325 0.622981989689 0.752769309608 0.779840599075 1.01019438984 1.22374763694
37 333 0.086539354198 1.2242237064 0.242323077205 0.242323077205 0.413470101361 0.628106432307 0.745876391714 0.78018601885 1.04770212199 1.2242237064
38 342 0.0838470146886 1.26550471774 0.233540294198 0.233540294198 0.403839404298 0.614679586469 0.728840750528 0.795302394943 1.11617410823 1.26550471774
39 351 0.0869928948086 1.26758586719 0.230222502146 0.230222502146 0.39655593563 0.592497913766 0.710864510388 0.804629792048 1.10512051534 1.26758586719
40 360 0.0998435959006 1.26711213923 0.224138071795 0.224138071795 0.379160023312 0.592475078492 0.726071058818 0.82724381612 1.09122976082 1.26711213923
41 369 0.108930674812 1.4445433034 0.214973461164 0.214973461164 0.37659286724 0.581447424803 0.720082695495 0.849898701444 1.04164219836 1.4445433034
42 378 0.111146382989 1.50933166032 0.202233422109 0.202233422109 0.377047646366 0.562316985802 0.71429808412 0.847511385024 1.04329128135 1.50933166032
43 387 0.0931685043226 1.54079138895 0.195887954355 0.195887954355 0.373958788238 0.56532808903 0.688552597859 0.841472559856 1.05459037834 1.54079138895
44 396 0.0878448605105 1.52816830279 0.193254717269 0.193254717269 0.368062044612 0.552737104029 0.667294026735 0.80903151002 1.03507691688 1.52816830279
45 405 0.0805064702899 1.53847466383 0.189648236489 0.189648236489 0.358100047505 0.553680925863 0.647350406973 0.795907663941 1.01766914252 1.53847466383
46 414 0.0870759982217 1.53505578042 0.184612272054 0.184612272054 0.346580988204 0.544660606866 0.631958910546 0.796905734465 1.00567842322 1.53505578042
47 423 0.0878386352963 1.69413006986 0.175544382287 0.175544382287 0.354919251767 0.535790839632 0.637225239972 0.777493531504 0.99061344272 1.69413006986
48 432 0.0844100780053 1.75868976256 0.167311562508 0.167311562508 0.354401438721 0.522971316799 0.645348152645 0.740850771827 0.982400603636 1.75868976256
49 441 0.0783741538955 1.77742364923 0.15638123663 0.15638123663 0.345932239394 0.51437568594 0.632876078503 0.747090316198 0.974535891689 1.77742364923
50 450 0.0736265320309 1.74889057408 0.153074441781 0.153074441781 0.337205634319 0.501651191397 0.622718805025 0.757924560716 0.966412810259 1.74889057408
51 459 0.0640130003835 1.73869177536 0.150792430012 0.150792430012 0.32899629735 0.502963627274 0.601960252688 0.738872229031 0.949034362169 1.73869177536
52 468 0.0545384982844 1.68834453087 0.144353560086 0.144353560086 0.322512058393 0.490452778206 0.614461709052 0.740297662841 0.926397511091 1.68834453087
53 477 0.0497400503367 1.64221104579 0.139312749482 0.139312749482 0.317638593512 0.480840122735 0.603470956146 0.72654213201 0.915460082062 1.64221104579
54 486 0.0483605740594 1.61030176501 0.137259160354 0.137259160354 0.306805032391 0.473218420565 0.592018424682 0.726896789064 0.908002429355 1.61030176501
55 495 0.0453795913942 1.70132015762 0.134547356003 0.134547356003 0.301038504672 0.458171413246 0.595473585822 0.708158015485 0.92276022627 1.70132015762
56 504 0.0475754846436 1.66142292429 0.132604096009 0.132604096009 0.298061599349 0.4510230357 0.573504062747 0.70358062791 0.917704790078 1.66142292429
57 513 0.0479852273931 1.6194403041 0.126941429703 0.126941429703 0.296392361566 0.460293501875 0.571993737194 0.733568262763 0.938596689753 1.6194403041
58 522 0.0459044434053 1.57169226757 0.124344878077 0.124344878077 0.285512123048 0.455909602303 0.563056034591 0.766738899151 0.934692528691 1.57169226757
59 531 0.0446483826972 1.57125574803 0.122224498224 0.122224498224 0.277616004604 0.451048698157 0.560032725979 0.776241113309 0.904495414105 1.57125574803
60 540 0.0455573449544 1.57515756882 0.121185871033 0.121185871033 0.275583616109 0.454587919079 0.528958072534 0.769273613352 0.889207922047 1.57515756882
61 549 0.0428416257033 1.62322734801 0.11725918448 0.11725918448 0.272663612987 0.446948339603 0.517218438615 0.768511372071 0.874357905262 1.62322734801
62 558 0.0454813640801 1.58272234471 0.111322438335 0.111322438335 0.272475797414 0.439670964686 0.509438191673 0.745595631112 0.894057610299 1.58272234471
63 567 0.0433540375571 1.6996519181 0.102946050035 0.102946050035 0.273593282624 0.430023132628 0.515984384148 0.742505196561 0.883164728131 1.6996519181
64 576 0.0406087802728 1.71857914589 0.101566692683 0.101566692683 0.26948439709 0.438912476774 0.497112894637 0.733021295284 0.875236039112 1.71857914589
65 585 0.0389633523722 1.74982016163 0.101635079291 0.101635079291 0.270885080517 0.420144513553 0.488161163758 0.726766869888 0.859983431095 1.74982016163
66 594 0.0426484943391 1.71463655072 0.101170443082 0.101170443082 0.259035023362 0.42096765981 0.494263210238 0.725139926008 0.877821189909 1.71463655072
67 603 0.0435571660289 1.70415361605 0.0979490257258 0.0979490257258 0.256225049171 0.417894845658 0.550711599424 0.734136588156 0.861735486691 1.70415361605
68 612 0.0423039355488 1.67215375378 0.0958267513884 0.0958267513884 0.244966464988 0.403539082859 0.569708202697 0.747077828447 0.864602746209 1.67215375378
69 621 0.0408230535804 1.6055486917 0.0940187224389 0.0940187224389 0.245651270255 0.42744827509 0.558655003972 0.739582234417 0.843483241912 1.6055486917
70 630 0.038150367552 1.59027891198 0.0897693465383 0.0897693465383 0.240117855354 0.43686491129 0.55157804992 0.744081657442 0.839211642131 1.59027891198
71 639 0.0336347605606 1.55941503389 0.0881281913699 0.0881281913699 0.227958000182 0.443011547678 0.536930229155 0.736846490144 0.849457803917 1.55941503389
72 648 0.0302885779879 1.50027498592 0.0866982225585 0.0866982225585 0.220276362136 0.441830610857 0.531886672046 0.722674265251 0.850520608957 1.50027498592
73 657 0.0302857837753 1.47135844217 0.0829979585653 0.0829979585653 0.21607396104 0.438267166453 0.514383456067 0.727442555607 0.83706302167 1.47135844217
74 666 0.0301416919331 1.6391059169 0.0817936350972 0.0817936350972 0.209546559682 0.42829159392 0.513074318566 0.70669412911 0.835531439968 1.6391059169
75 675 0.0328704426112 1.59861598483 0.0784302684899 0.0784302684899 0.202935644952 0.428449278383 0.506227831296 0.738475101934 0.829800017316 1.59861598483
76 684 0.0355613797593 1.64908266449 0.0776962786109 0.0776962786109 0.198834149502 0.428595550553 0.502148741916 0.739579953177 0.851560052909 1.64908266449
77 693 0.0320838997852 1.65066358881 0.0739290351885 0.0739290351885 0.198514665108 0.417843127439 0.528172137434 0.747683072432 0.857853690266 1.65066358881
78 702 0.0315866482261 1.5895895402 0.0706237935593 0.0706237935593 0.197474848588 0.420816544894 0.515837794341 0.750649632786 0.852913743406 1.5895895402
79 711 0.0326655071509 1.59733933512 0.0681533273176 0.0681533273176 0.193107300176 0.432440868975 0.535338193415 0.738468372885 0.836225200712 1.59733933512
80 720 0.0280353388759 1.65513990205 0.065934119524 0.065934119524 0.189872127774 0.417605341579 0.535139275126 0.711423467451 0.867246912458 1.65513990205
81 729 0.0282391992481 1.64456172912 0.0654408271943 0.0654408271943 0.185856784154 0.40042141999 0.536425906273 0.6893252303 0.861497041751 1.64456172912
82 738 0.0280574931215 1.66357913645 0.0649549973221 0.0649549973221 0.189134215799 0.415579388399 0.514012527905 0.668719390391 0.853047230842 1.66357913645
83 747 0.0276455315508 1.63743789786 0.0632227015695 0.0632227015695 0.18009030264 0.421355510616 0.501131179182 0.673904216734 0.84044984265 1.63743789786
84 756 0.0286702233826 1.6176888706 0.0621101373818 0.0621101373818 0.179391284435 0.420078772765 0.490124457044 0.684796796351 0.82398150448 1.6176888706
85 765 0.0273064764915 1.59524934753 0.0598219649549 0.0598219649549 0.176761196996 0.418106633772 0.486724524248 0.703856162226 0.801847419792 1.59524934753
86 774 0.0234446134318 1.55192141715 0.0574820356631 0.0574820356631 0.172786095408 0.413091015191 0.490552528316 0.688362984601 0.837644464429 1.55192141715
87 783 0.0217427489738 1.5510700501 0.056492525577 0.056492525577 0.166616569381 0.403402074766 0.476212214306 0.689992967253 0.810619449644 1.5510700501
88 792 0.0215735908208 1.53776694739 0.0549838060655 0.0549838060655 0.158560774505 0.395124804025 0.467780308657 0.688934803873 0.882856580018 1.53776694739
89 801 0.0214392106144 1.6455317386 0.0522912694587 0.0522912694587 0.157282902486 0.39122474084 0.457773684969 0.676545499563 0.887418368187 1.6455317386
90 810 0.0208465258498 1.59190630196 0.0508647828469 0.0508647828469 0.155088035036 0.388464905306 0.457745606325 0.693851586606 0.891965711579 1.59190630196
91 819 0.0212780939674 1.55864714735 0.0493892529983 0.0493892529983 0.154264149936 0.390198819961 0.47816993147 0.700090754513 0.879932954139 1.55864714735
92 828 0.0215468776026 1.59780159612 0.0491233889195 0.0491233889195 0.146180396793 0.38666584974 0.493653377494 0.684705676108 0.856813964279 1.59780159612
93 837 0.0242280462125 1.60439444817 0.0494034280677 0.0494034280677 0.147941181161 0.378910915036 0.478123946898 0.674911911232 0.873142009444 1.60439444817
94 846 0.0262764121415 1.58524754756 0.048394406824 0.048394406824 0.147681551222 0.373037828639 0.469693207632 0.744547967022 0.897364888936 1.58524754756
95 855 0.0322877605651 1.60194061081 0.0473772552334 0.0473772552334 0.147761627321 0.367828448553 0.463539596295 0.737474567266 0.943187448708 1.60194061081
96 864 0.0351417096243 1.61430442048 0.0472354071163 0.0472354071163 0.150353722575 0.354792227427 0.461768558405 0.758484412243 0.971972231324 1.61430442048
97 873 0.0417523576775 1.63937011966 0.0465022807454 0.0465022807454 0.141681760488 0.349122646146 0.458132266907 0.756756604375 0.960722010908 1.63937011966
98 882 0.0425646919061 1.67387549002 0.0457910574516 0.0457910574516 0.135002592847 0.347293093791 0.464346978709 0.736642860371 1.03479981168 1.67387549002
99 891 0.0410214053555 1.6731168243 0.0440169641024 0.0440169641024 0.132224870596 0.336958610474 0.458239617609 0.723180022149 1.02588939117 1.6731168243
100 900 0.0426193966732 1.63358946728 0.0428133749959 0.0428133749959 0.130463933638 0.331055398422 0.447189338328 0.721844225104 1.02240464918 1.63358946728
101 909 0.0468210084285 1.62284363456 0.0404205711516 0.0404205711516 0.128293665108 0.358984971943 0.442069251268 0.700665023413 1.03125451222 1.62284363456
102 918 0.0458428654603 1.8472402352 0.0395526587087 0.0395526587087 0.125709518674 0.360686099466 0.438028860959 0.689180565204 1.01720978608 1.8472402352
103 927 0.04228033722 1.88137659868 0.0388211093547 0.0388211093547 0.120455942105 0.357249381067 0.425209311437 0.687394664064 0.982782666182 1.88137659868
104 936 0.0411947354946 1.86066676135 0.0383813872508 0.0383813872508 0.117818132144 0.343684376217 0.418795281248 0.663741063357 0.990086374245 1.86066676135
105 945 0.0420085802001 1.88131208427 0.0369495002 0.0369495002 0.117299374411 0.338154880316 0.411420217076 0.659297458209 0.983517386392 1.88131208427
106 954 0.0377468330705 2.00420600535 0.0359888975186 0.0359888975186 0.11630740669 0.328502781743 0.398303422984 0.644666973166 0.994787875582 2.00420600535
107 963 0.0363144882362 1.99764863228 0.0348898948268 0.0348898948268 0.111184051564 0.324003783735 0.390811939509 0.626071046074 0.986181794369 1.99764863228
108 972 0.0346096522394 1.98303172325 0.034557945505 0.034557945505 0.108439876438 0.311906283562 0.387781806539 0.636884310267 0.972951385577 1.98303172325
109 981 0.0368445808538 1.98834920993 0.0334526291154 0.0334526291154 0.104910729668 0.304467095018 0.377258233974 0.630876491073 0.976623954097 1.98834920993
110 990 0.041402703975 2.22198054886 0.0324629849363 0.0324629849363 0.102190840475 0.30422713829 0.365191095395 0.619900497841 0.955369569503 2.22198054886
111 999 0.0372853776817 2.50024122329 0.0305373487625 0.0305373487625 0.101793514485 0.299562005554 0.367723457243 0.616093111761 0.910734450005 2.50024122329
112 1008 0.0385645342166 2.49637120758 0.0298160447482 0.0298160447482 0.0961312000382 0.295753845194 0.367218125161 0.59670252062 0.904585826174 2.49637120758
113 1017 0.0404808987922 2.5869090082 0.0292127597735 0.0292127597735 0.0946031285835 0.306499119192 0.359022762263 0.594871247971 0.890301768346 2.5869090082
114 1026 0.0364837506576 2.65967217533 0.028165745816 0.028165745816 0.0919326900985 0.306112875257 0.361150733919 0.60881405953 0.892965980147 2.65967217533
115 1035 0.0337502120265 2.63909561868 0.0277936965699 0.0277936965699 0.0898868817472 0.303009340846 0.364311819936 0.582735552993 0.868138665029 2.63909561868
116 1044 0.0330750380483 2.58337017419 0.0273903043263 0.0273903043263 0.0882399061697 0.294696099771 0.368777993709 0.559141640362 0.86788504109 2.58337017419
117 1053 0.0338133127292 2.61946543253 0.0268675851398 0.0268675851398 0.0863861766496 0.289852748191 0.370507455877 0.533279265687 0.88386144366 2.61946543253
118 1062 0.0370228999594 2.61842773329 0.0271876496469 0.0271876496469 0.0851693118501 0.291567732032 0.372812541667 0.534702695091 0.871728111831 2.61842773329
119 1071 0.0369858600717 2.6500649852 0.027360871163 0.027360871163 0.0823784987373 0.280863332554 0.366781862043 0.561020725723 0.904780833979 2.6500649852
120 1080 0.039655538454 2.50534290243 0.0265299560018 0.0265299560018 0.0803442977252 0.281666804949 0.365366389642 0.571554141283 0.905657465285 2.50534290243
121 1089 0.0379003941686 2.41679938928 0.0259591792503 0.0259591792503 0.0792119915816 0.265608507266 0.372540219818 0.622601567157 0.93155352199 2.41679938928
122 1098 0.0375035746559 2.42429529887 0.0258745937368 0.0258745937368 0.0796158439506 0.262290713188 0.365343022312 0.603153646496 0.921830380273 2.42429529887
123 1107 0.0371656545499 2.40061102645 0.0247402567722 0.0247402567722 0.0771473472756 0.257741092753 0.362429280787 0.615240499047 0.923274399155 2.40061102645
124 1116 0.0359483765245 2.3596518751 0.0243213156426 0.0243213156426 0.0753399127469 0.247589915114 0.357881973688 0.636994428191 0.905826833216 2.3596518751
125 1125 0.0378841269863 2.31358734031 0.023684287197 0.023684287197 0.0735119298116 0.240611477059 0.358303081467 0.640177262054 0.892612028015 2.31358734031
126 1134 0.0441148610607 2.45252501514 0.0229963772917 0.0229963772917 0.0725920654333 0.23834595154 0.364911468065 0.614246766291 0.901083870889 2.45252501514
127 1143 0.0458385141127 2.43231499351 0.0214419416801 0.0214419416801 0.0726696196369 0.231556435996 0.365579347227 0.634214108783 1.0042552726 2.43231499351
128 1152 0.049519332815 2.41027770445 0.020604171242 0.020604171242 0.0722694281988 0.227282971328 0.367600372435 0.624323400743 1.05048952616 2.41027770445
129 1161 0.0541960785774 2.39476884476 0.0209273243957 0.0209273243957 0.0687364210284 0.216584679229 0.368144465158 0.628809464645 1.15644412181 2.39476884476
130 1170 0.0562505197794 2.39568141697 0.0205341561231 0.0205341561231 0.0676066013477 0.213468870911 0.355275036487 0.61865970778 1.24194940037 2.39568141697
131 1179 0.0595743551049 2.3842297246 0.0200145729245 0.0200145729245 0.0689356192571 0.201764052965 0.367259376111 0.613602641492 1.30647215814 2.3842297246
132 1188 0.0699556694986 2.35158856388 0.019582946854 0.019582946854 0.0693062013847 0.201617587412 0.374508616964 0.604016845127 1.3226418939 2.35158856388
133 1197 0.077969057464 2.76471285817 0.0200982706106 0.0200982706106 0.0680005493622 0.192389329995 0.373167632264 0.594391556236 1.34909992309 2.76471285817
134 1206 0.0873071810713 2.93559018089 0.0198577842683 0.0198577842683 0.0658159542515 0.191550545562 0.388670022454 0.566245980092 1.32869185906 2.93559018089
135 1215 0.100255182562 3.15483469564 0.0201477416124 0.0201477416124 0.0629190559779 0.195936134298 0.39546775489 0.55029944392 1.32842804239 3.15483469564
136 1224 0.119371732452 3.11363930246 0.0202937729667 0.0202937729667 0.0616190065629 0.18391810266 0.44593437505 0.580762016732 1.31449200383 3.11363930246
137 1233 0.144832956251 3.32936936082 0.0198532346499 0.0198532346499 0.0620998575861 0.179457416554 0.463672888088 0.574151599919 1.30602300085 3.32936936082
138 1242 0.168983535192 3.34820078673 0.0195957423194 0.0195957423194 0.0619424369623 0.17768259936 0.474181549334 0.562712174883 1.29089021514 3.34820078673
139 1251 0.175023328309 3.32822118717 0.0194783697656 0.0194783697656 0.0635687108669 0.175814930683 0.476455796809 0.571836339952 1.27477926443 3.32822118717
140 1260 0.160346399899 3.28680774211 0.0195223819796 0.0195223819796 0.0610439772369 0.168995875573 0.470445434897 0.576360368852 1.24287375052 3.28680774211
141 1269 0.132376864456 3.21100601478 0.0189170792641 0.0189170792641 0.0601394506374 0.167040550252 0.457799842946 0.57301079474 1.20277676989 3.21100601478
142 1278 0.118959839402 3.13216660846 0.0188350703598 0.0188350703598 0.0579946596294 0.163629093697 0.45223102536 0.573293943147 1.16102738192 3.13216660846
143 1287 0.126247969753 3.15171880558 0.0189303257865 0.0189303257865 0.0564055934111 0.161243251753 0.431973073363 0.55943090168 1.1177520349 3.15171880558
144 1296 0.130607306054 3.05195270223 0.0197449135984 0.0197449135984 0.05524364446 0.169899639728 0.439189844104 0.556646935764 1.08161272503 3.05195270223
145 1305 0.120406648832 2.97413239805 0.0202300823885 0.0202300823885 0.0536401601657 0.169746371577 0.443832947366 0.560102330887 1.05282296336 2.97413239805
146 1314 0.10296210111 2.85551157431 0.0201004293808 0.0201004293808 0.0533755387635 0.165534433198 0.447602766657 0.542629251527 1.0314194392 2.85551157431
147 1323 0.0983354681661 2.81913168562 0.0195679564117 0.0195679564117 0.0518425098089 0.161002899907 0.433922819586 0.532166910932 1.00845931041 2.81913168562
148 1332 0.102815440807 2.82770656066 0.0193795856212 0.0193795856212 0.0510890509336 0.159035964419 0.420820661274 0.526162870018 1.00901735446 2.82770656066
149 1341 0.099061669376 2.9894214798 0.0194359787251 0.0194359787251 0.0497819647781 0.157815046271 0.404979662375 0.515516659433 1.00177331443 2.9894214798
150 1350 0.0931636456655 3.02317702483 0.0189935110396 0.0189935110396 0.0491039616534 0.155610410572 0.388860417974 0.510768602701 0.985865329057 3.02317702483
151 1359 0.0836074271107 3.00098545256 0.0193252113193 0.0193252113193 0.0473831735281 0.154574122738 0.379812593073 0.50290365405 0.979029169427 3.00098545256
152 1368 0.0748111918384 2.9168764465 0.0189484922303 0.0189484922303 0.047224258721 0.151362643687 0.375399535929 0.488641214357 1.0062827056 2.9168764465
153 1377 0.0684371896114 2.94373619916 0.0183641341159 0.0183641341159 0.0462020511679 0.147924377393 0.358924322309 0.488791736033 0.988824537112 2.94373619916
154 1386 0.0633995080062 2.87589408749 0.0182919320911 0.0182919320911 0.0456214959517 0.145517213196 0.352054123702 0.467812741249 0.974588306475 2.87589408749
155 1395 0.0582551569403 2.83068656278 0.0180707793265 0.0180707793265 0.044310888974 0.145483114549 0.343094688336 0.476412673469 0.951792442018 2.83068656278
156 1404 0.056703795173 2.7087904661 0.017919757088 0.017919757088 0.0434830328816 0.144014865384 0.336172341317 0.470652567875 0.957059698002 2.7087904661
157 1413 0.056183267614 2.74999317958 0.017311324674 0.017311324674 0.043864062142 0.148152134084 0.326411733783 0.459960534107 0.931500568711 2.74999317958
158 1422 0.0518127879634 2.80333629653 0.0172668397712 0.0172668397712 0.0433156287194 0.146444375108 0.318969303439 0.458778576717 0.921826762028 2.80333629653
159 1431 0.0528135967712 2.77999474324 0.0170693686056 0.0170693686056 0.042267642376 0.150762187565 0.30991183737 0.447965656738 0.898601180494 2.77999474324
160 1440 0.0538218010422 3.09794418536 0.0166307005075 0.0166307005075 0.0417312314757 0.147001296169 0.292954008789 0.439736560662 0.897370004546 3.09794418536
161 1449 0.0573874919507 3.1532706206 0.0162722607801 0.0162722607801 0.0406603179453 0.14272945139 0.303736442522 0.438275852526 0.903520807633 3.1532706206
162 1458 0.0585775142633 3.18871994273 0.0157740855825 0.0157740855825 0.0395390301228 0.142202426255 0.317304225582 0.432442073816 0.890701909572 3.18871994273
163 1467 0.0560432875753 3.22109770747 0.0148035299862 0.0148035299862 0.0390547920588 0.143148734697 0.319462249166 0.431149968387 0.893004707643 3.22109770747
164 1476 0.0546018822523 3.28870548781 0.0145389168791 0.0145389168791 0.0383149975036 0.144139227307 0.313751026771 0.419067067766 0.910548745309 3.28870548781
165 1485 0.053937011263 3.19571876843 0.0153377668248 0.0153377668248 0.0379363870746 0.147212654323 0.307224281623 0.410565895327 0.899355750506 3.19571876843
166 1494 0.0460112917501 3.15665644548 0.0147590043336 0.0147590043336 0.0370685740711 0.144459258732 0.308230688669 0.4211276342 0.883488389572 3.15665644548
167 1503 0.041612099794 3.05738159645 0.0143126860659 0.0143126860659 0.0367332495368 0.142465707015 0.294699791523 0.416571806387 0.878621958265 3.05738159645
168 1512 0.0386396959097 3.09909744002 0.0139470444799 0.0139470444799 0.0357837149072 0.139162622881 0.287289014214 0.418355247371 0.842413615676 3.09909744002
169 1521 0.0395898516503 3.08350967117 0.0140253754148 0.0140253754148 0.0353642338317 0.133679869148 0.278831876695 0.413898489976 0.844479966093 3.08350967117
170 1530 0.0403593114414 3.36830725455 0.0136725946193 0.0136725946193 0.0342445810311 0.129019779105 0.276466663773 0.412042029947 0.818877247497 3.36830725455
171 1539 0.0410908240312 3.37936819824 0.0130131122627 0.0130131122627 0.0337701875754 0.128352734369 0.284678054096 0.413846848666 0.803628164818 3.37936819824
172 1548 0.0427906910835 3.34962933318 0.0125639322037 0.0125639322037 0.0332306858824 0.125374871951 0.283353011553 0.424310788438 0.802992369199 3.34962933318
173 1557 0.0451710855967 3.45345921191 0.0124456083855 0.0124456083855 0.0325747162197 0.122400506684 0.276630719647 0.440065306576 0.789325800574 3.45345921191
174 1566 0.0433805561992 3.42543654372 0.0119511496504 0.0119511496504 0.0316630388468 0.12523257813 0.272137814911 0.451318555543 0.811799270884 3.42543654372
175 1575 0.0388919139123 3.37329819202 0.0116682862692 0.0116682862692 0.0311616010028 0.12409218183 0.264787277829 0.439481536139 0.863854941683 3.37329819202
176 1584 0.0346687547127 3.26662170307 0.0113586235173 0.0113586235173 0.0304311988852 0.123570128207 0.259613875077 0.435726570261 0.8503905984 3.26662170307
177 1593 0.0346233619847 3.132515567 0.0111965850909 0.0111965850909 0.0296807015273 0.120649940242 0.261655902052 0.443323657724 0.83964026385 3.132515567
178 1602 0.0331729023043 3.27302877865 0.0110437204656 0.0110437204656 0.0294642832736 0.118047766874 0.253231250359 0.445089789366 0.813115033467 3.27302877865
179 1611 0.0345192523221 3.27157885134 0.0107574671803 0.0107574671803 0.0290009744185 0.117615199604 0.245841657165 0.436431505724 0.800668832167 3.27157885134
180 1620 0.0310035132134 3.22309855369 0.0101130712516 0.0101130712516 0.0284296578321 0.116361675277 0.239759059063 0.492974001695 0.784192501128 3.22309855369
181 1629 0.0274677948109 3.18773064645 0.00976537438131 0.00976537438131 0.0277004874044 0.118975216947 0.236173522866 0.485329833052 0.779624907374 3.18773064645
182 1638 0.0236101299554 3.041700931 0.00940140351975 0.00940140351975 0.0271190116284 0.116816386311 0.2372213699 0.477383245621 0.788872444122 3.041700931
183 1647 0.0223606551469 2.99705424056 0.00907450147387 0.00907450147387 0.0259836843896 0.11678179577 0.234665634763 0.470830985966 0.786860528599 2.99705424056
184 1656 0.0226954924661 2.94406808649 0.00881900264365 0.00881900264365 0.0253129522972 0.113734059265 0.238076809713 0.462530116716 0.780300449292 2.94406808649
185 1665 0.0206986056017 3.191794966 0.00849846383082 0.00849846383082 0.0250689805036 0.115017435401 0.238178328135 0.456832529335 0.754393875687 3.191794966
186 1674 0.0224908252513 3.154496421 0.00816320259846 0.00816320259846 0.0245323734342 0.114849651001 0.237655329346 0.454405681233 0.743909782792 3.154496421
187 1683 0.0232625260241 3.12807518721 0.00793780499539 0.00793780499539 0.0255037709763 0.113074798392 0.235930954423 0.44020973444 0.815613014519 3.12807518721
188 1692 0.0211168460301 3.28294033317 0.00779659423034 0.00779659423034 0.0248725516594 0.113386534425 0.232424812772 0.435071945317 0.786292774989 3.28294033317
189 1701 0.021968472317 3.25020822086 0.00757532813709 0.00757532813709 0.0257252329694 0.111191395796 0.227556538798 0.431431019334 0.767620253441 3.25020822086
190 1710 0.0211792610156 3.25725045891 0.0074994060538 0.0074994060538 0.0252633696475 0.110616935866 0.220620755891 0.429469992611 0.799854732245 3.25725045891
191 1719 0.0202065023197 3.18957543529 0.00696137266441 0.00696137266441 0.0251286340101 0.110215357227 0.219838949618 0.435769406831 0.823305436711 3.18957543529
192 1728 0.0213675396385 3.20093960575 0.00681859808623 0.00681859808623 0.0253581597628 0.109237746802 0.213520346675 0.432612992812 0.793713622512 3.20093960575
193 1737 0.0204918152169 3.1854445419 0.00659036255197 0.00659036255197 0.0257431618273 0.108267577558 0.210151678006 0.462870407089 0.785493425872 3.1854445419
194 1746 0.0191142940382 3.29756452542 0.00640458813782 0.00640458813782 0.0255065079415 0.107015717316 0.199875107781 0.459431634898 0.771100071818 3.29756452542
195 1755 0.0188777771674 3.25796767064 0.00623534155157 0.00623534155157 0.0249253492279 0.105131497765 0.18937372937 0.452172775055 0.80613179779 3.25796767064
196 1764 0.0185345435285 3.21912520751 0.00597531988013 0.00597531988013 0.0247986613452 0.10763406769 0.19015959881 0.452094537023 0.811338389189 3.21912520751
197 1773 0.016732979183 3.26703812401 0.00570535041929 0.00570535041929 0.0245325938944 0.105384347623 0.190930226693 0.446284810989 0.81777519495 3.26703812401
198 1782 0.0155013758195 3.23675434334 0.00566824853297 0.00566824853297 0.0243944657743 0.100562503896 0.195827226147 0.437977187965 0.822570999427 3.23675434334
199 1791 0.0156394640323 3.20821632892 0.0052939192819 0.0052939192819 0.0243790211969 0.0994762936769 0.189747714156 0.423361343685 0.837443362138 3.20821632892
200 1800 0.017409847943 3.10708085852 0.00514182420639 0.00514182420639 0.0253755840187 0.0989864174242 0.182255044144 0.420801582561 0.83717092633 3.10708085852
201 1809 0.0171257781656 3.08532622242 0.00506490362625 0.00506490362625 0.0252700793138 0.0970630835901 0.187822377411 0.435047027734 0.835591684065 3.08532622242
202 1818 0.0180783189308 3.00361144165 0.00492045947428 0.00492045947428 0.0261102487768 0.100364373817 0.181548835716 0.429910880631 0.855502473014 3.00361144165
203 1827 0.0157710441653 2.97956247147 0.00464489686845 0.00464489686845 0.0254201923174 0.102245988947 0.185819264688 0.436365862002 0.854399414381 2.97956247147
204 1836 0.0146930923421 2.9279037866 0.00449537341798 0.00449537341798 0.0250437853443 0.100149572978 0.183596432108 0.429727673455 0.822362041474 2.9279037866
205 1845 0.0133886968051 2.90358246231 0.00414955117449 0.00414955117449 0.0246753931407 0.0991161298749 0.181638608026 0.460263879538 0.818682069064 2.90358246231
206 1854 0.0136398205395 2.79114817781 0.00399689455261 0.00399689455261 0.0242865030513 0.0976845196267 0.179767795499 0.45619246826 0.803810466061 2.79114817781
207 1863 0.0144829017968 2.76048251174 0.00389281675678 0.00389281675678 0.0237735249448 0.0960942810471 0.177918750415 0.441318460645 0.862106341558 2.76048251174
208 1872 0.0151623971561 2.79517739408 0.00378221063605 0.00378221063605 0.0230986722445 0.0946322183323 0.176236177738 0.428057425697 0.911414484551 2.79517739408
209 1881 0.0140829352867 2.73226297473 0.00362741949397 0.00362741949397 0.0227236113246 0.0986710900381 0.175851959705 0.439720261412 0.91560959967 2.73226297473
210 1890 0.0121946656615 2.74759809444 0.00345255442537 0.00345255442537 0.0224829119558 0.0971290023737 0.182317342917 0.444501569965 0.915596715523 2.74759809444
211 1899 0.0111684185875 2.59385035378 0.00338096678937 0.00338096678937 0.0221691632111 0.0952945230045 0.179529697841 0.427685213768 0.919696454397 2.59385035378
212 1908 0.00899658273573 2.55111523508 0.00325200780575 0.00325200780575 0.0219655571844 0.0924915593114 0.176486440673 0.437685363461 0.923943204729 2.55111523508
213 1917 0.00861936708132 2.535371637 0.00314180197165 0.00314180197165 0.0215615963875 0.0890964300543 0.173623669191 0.427048609478 0.899307178183 2.535371637
214 1926 0.00851162463785 2.49895563631 0.00304946764392 0.00304946764392 0.0210854744628 0.089394619027 0.169224056186 0.439493307271 0.87972991543 2.49895563631
215 1935 0.00786119389022 2.50601435439 0.00291724909655 0.00291724909655 0.020470041654 0.0908157674991 0.166207122355 0.43666617469 0.90151562313 2.50601435439
216 1944 0.00764698942095 2.60597201278 0.00278536466754 0.00278536466754 0.0201954222759 0.0890391278431 0.162385192184 0.423004517094 0.887183847543 2.60597201278
217 1953 0.00641485253642 2.59239443871 0.00271075907304 0.00271075907304 0.0204196668038 0.0848534001106 0.162395610832 0.426390673381 0.876016466931 2.59239443871
218 1962 0.00624371538145 2.56307717714 0.00263102894424 0.00263102894424 0.0202182154938 0.0837471073379 0.16412705859 0.424258774673 0.845532325191 2.56307717714
219 1971 0.00607298088022 2.4712767988 0.00258203391027 0.00258203391027 0.0194693935125 0.0864770443444 0.158919360489 0.419661602216 0.881377302982 2.4712767988
220 1980 0.0066338212098 2.41894997329 0.00249148174226 0.00249148174226 0.018874501503 0.0852484072116 0.160145117158 0.415645518366 0.924122787836 2.41894997329
221 1989 0.00663521833993 2.36178551544 0.00240758964041 0.00240758964041 0.0187257700728 0.0859269524431 0.159413200644 0.430271837205 0.985312433222 2.36178551544
222 1998 0.00676356022152 2.31389925145 0.00228770032657 0.00228770032657 0.0186161152867 0.0846440872915 0.156941619816 0.423812057267 1.03927574511 2.31389925145
223 2007 0.00612464106894 2.3834714708 0.00211475729247 0.00211475729247 0.0188912363562 0.0851173712403 0.155192231617 0.412622775447 1.05181226421 2.3834714708
224 2016 0.00572699286917 2.35073183114 0.00203819349709 0.00203819349709 0.0185898995814 0.0841058172193 0.149739825901 0.417594953448 1.04034995278 2.35073183114
225 2025 0.00566976873273 2.35296366222 0.00197054400343 0.00197054400343 0.0180304858241 0.0861565163564 0.146100077875 0.405035918112 1.03513513123 2.35296366222
226 2034 0.00542832975401 2.35153992372 0.00191097867096 0.00191097867096 0.017432111374 0.0850772615027 0.152440804921 0.411452810506 1.00494517617 2.35153992372
227 2043 0.00534193069082 2.3342360215 0.00185048073238 0.00185048073238 0.0175949063186 0.0851125161693 0.150512282197 0.411810986004 0.965906573679 2.3342360215
228 2052 0.00561115891328 2.30515003462 0.00179592344002 0.00179592344002 0.0172973649064 0.0838423772832 0.14783331281 0.421066263962 0.94682579178 2.30515003462
229 2061 0.0050316769282 2.27973984746 0.00173520290496 0.00173520290496 0.0168229629949 0.0832479166924 0.146858417723 0.43247823873 0.964754953167 2.27973984746
230 2070 0.00488509060574 2.28706787394 0.00168383408016 0.00168383408016 0.0165695424952 0.0815507192602 0.143994467902 0.428639803212 0.956803145702 2.28706787394
231 2079 0.00498486462259 2.21899422242 0.00161357124815 0.00161357124815 0.0165591995434 0.0814193619985 0.139675032355 0.42801311771 0.981799654299 2.21899422242
232 2088 0.00610396936946 2.17536732858 0.00153365019686 0.00153365019686 0.0160324295781 0.0805468153884 0.138263274787 0.421885126246 1.06754362902 2.17536732858
233 2097 0.00724283464578 2.18308723949 0.00150718268697 0.00150718268697 0.0158870950916 0.0814606231728 0.141221035059 0.421440243281 1.13612085819 2.18308723949
234 2106 0.00758821736728 2.14720962876 0.00143032454695 0.00143032454695 0.0152157575604 0.0799153126002 0.146794602784 0.426875932633 1.17980476917 2.14720962876
235 2115 0.00765024513833 2.10738309157 0.00137749579513 0.00137749579513 0.0148898413434 0.0789851445475 0.146519178109 0.436854411829 1.16886502704 2.10738309157
236 2124 0.00701495942293 2.08081403466 0.0013332213917 0.0013332213917 0.0145055237621 0.0775349140857 0.15064814427 0.431129872008 1.16252224426 2.08081403466
237 2133 0.00757452978733 2.04217317886 0.00128989736117 0.00128989736117 0.0140131007153 0.0746729884085 0.15544768646 0.447434838954 1.13561259083 2.04217317886
238 2142 0.00850998681216 2.02312092281 0.00128334000188 0.00128334000188 0.0135085415953 0.0741621327263 0.152863719626 0.437114965117 1.26360793685 2.02312092281
239 2151 0.00960929033984 2.01775277312 0.00123466169508 0.00123466169508 0.0134379838668 0.0731971943946 0.150276086943 0.46613571421 1.29476333654 2.01775277312
240 2160 0.00962056044111 1.92515541692 0.00122350159099 0.00122350159099 0.0130079020742 0.0719563073147 0.147830229994 0.485469119858 1.41601882209 1.92515541692
241 2169 0.0099265164494 1.92678953752 0.0011727898455 0.0011727898455 0.0129627389067 0.0719502524959 0.145821182101 0.479356443969 1.42358737004 1.92678953752
242 2178 0.00992460037736 1.95545402852 0.00110863066183 0.00110863066183 0.0128089226355 0.073799460795 0.148192457253 0.480345547976 1.41155852168 1.95545402852
243 2187 0.0117923229037 1.91034255045 0.00109369809799 0.00109369809799 0.0127718563875 0.0724811949683 0.143326840585 0.471138073838 1.45031289053 1.91034255045
244 2196 0.0142114946491 1.88223336088 0.00104325554188 0.00104325554188 0.0128149577418 0.0709476722122 0.142225327812 0.458003820866 1.749266873 1.88223336088
245 2205 0.0151563505047 1.8444552602 0.00100457959731 0.00100457959731 0.0125532006674 0.0721299620746 0.141355702002 0.459134457384 1.83688479274 1.8444552602
246 2214 0.0167085815331 1.84556434205 0.000971213658273 0.000971213658273 0.0122505240867 0.0721642221023 0.149645036203 0.450855430533 1.79093655405 1.84556434205
247 2223 0.0167043872982 1.80779139979 0.000944552388165 0.000944552388165 0.0120123164412 0.0711312595972 0.151501603365 0.476260496723 1.74623769977 1.80779139979
248 2232 0.0154250941155 1.7581977301 0.000932182578944 0.000932182578944 0.0117454412494 0.0705900551966 0.15212711787 0.469903146039 1.69390766186 1.7581977301
249 2241 0.0162473134279 1.70285600968 0.000927053928031 0.000927053928031 0.0118826716468 0.0692589071223 0.148643510571 0.469898564832 1.64851727374 1.70285600968
250 2250 0.0175894806974 1.66915284644 0.00089774663228 0.00089774663228 0.0121021091519 0.0690399336534 0.146450056303 0.501287230657 1.62395838725 1.66915284644
251 2259 0.0175531464298 1.74780037103 0.000861523257881 0.000861523257881 0.0118460271226 0.0677450575905 0.152555831772 0.500999864064 1.59080533081 1.74780037103
252 2268 0.0187679321292 1.7788978042 0.000831842348918 0.000831842348918 0.0117843704281 0.066600063109 0.151524367329 0.492786282707 1.56213687574 1.7788978042
253 2277 0.0221487493706 1.8123355942 0.00083002542249 0.00083002542249 0.0117449658726 0.0634086336871 0.152099504819 0.534720668063 1.54651032251 1.8123355942
254 2286 0.0246360129944 2.01758168301 0.000791800756891 0.000791800756891 0.0117396516901 0.0629190362071 0.149202090551 0.562687738767 1.50311745574 2.01758168301
255 2295 0.0236885860496 2.20764123126 0.00078005923253 0.00078005923253 0.0115532518941 0.0613166566108 0.141248414299 0.55940395576 1.51560037592 2.20764123126
256 2304 0.0247759872331 2.23409909128 0.000761031134146 0.000761031134146 0.0112598219435 0.0592776485018 0.137085460754 0.572110030159 1.48344713053 2.23409909128
257 2313 0.0255090511276 2.23443297228 0.000732986475395 0.000732986475395 0.0108761582374 0.0606963325031 0.135808653608 0.595217894442 1.52238751296 2.23443297228
258 2322 0.0266740865227 2.28675082436 0.000717216760177 0.000717216760177 0.0106386404759 0.0589476931662 0.13851929048 0.58892977178 1.50022644795 2.28675082436
259 2331 0.0261745500414 2.44956622664 0.000664404438106 0.000664404438106 0.01059442632 0.060427807903 0.136438870441 0.581102649788 1.4833387408 2.44956622664
260 2340 0.0247952365209 2.50840453045 0.000642663934507 0.000642663934507 0.0104298804543 0.0581495981249 0.132362303532 0.572550352482 1.47812480188 2.50840453045
261 2349 0.0227084550254 2.5213820432 0.000642524155351 0.000642524155351 0.0102775828458 0.0552620775348 0.1305894047 0.552951742888 1.43694679042 2.5213820432
262 2358 0.0236469013453 2.46931004982 0.000631773970382 0.000631773970382 0.0100700577437 0.0528952399593 0.129014055789 0.560868509844 1.41122589688 2.46931004982
263 2367 0.0227177623567 2.44064289859 0.000589239331832 0.000589239331832 0.00999935848408 0.0534196395593 0.130816130805 0.598719275661 1.38740221859 2.44064289859
264 2376 0.0231717167547 2.38920061919 0.000549761739471 0.000549761739471 0.00996819310881 0.0525692468379 0.130846984891 0.586773506724 1.41633508565 2.38920061919
265 2385 0.0266625794238 2.53831768167 0.000524064993929 0.000524064993929 0.00980939427726 0.0511859100842 0.12830003318 0.588754370813 1.42311201188 2.53831768167
266 2394 0.0275007524898 2.75335668158 0.000533019266612 0.000533019266612 0.00954591518234 0.0554768111378 0.121782324529 0.576172548039 1.41922912036 2.75335668158
267 2403 0.0306575800177 2.6657353763 0.000521217118965 0.000521217118965 0.00933020811894 0.0557144404931 0.12048874031 0.570201209527 1.41310279737 2.6657353763
268 2412 0.0316695444786 2.77404779774 0.000510400093203 0.000510400093203 0.00916435035573 0.0578542574262 0.116602228423 0.580727613016 1.38678461373 2.77404779774
269 2421 0.0313041060303 2.79713406918 0.000512197481935 0.000512197481935 0.00887174240841 0.055383341051 0.119190157914 0.563996759746 1.41721951856 2.79713406918
270 2430 0.0314500211872 2.70285510701 0.000507128572767 0.000507128572767 0.0088003851848 0.0545790969705 0.122673486296 0.576142104033 1.40500214516 2.70285510701
271 2439 0.028208829926 2.65868493141 0.000499565505257 0.000499565505257 0.00872177063864 0.0532430951107 0.119304648522 0.594444277573 1.39251528771 2.65868493141
272 2448 0.0287760925716 2.69762484023 0.000472192053662 0.000472192053662 0.00868590901549 0.0511426553625 0.11679872137 0.592907647151 1.36995085205 2.69762484023
273 2457 0.0269761502477 2.6716954363 0.000464840848391 0.000464840848391 0.00914638221849 0.0508728873682 0.112836026648 0.585264467346 1.34481424384 2.6716954363
274 2466 0.023921049539 2.67229959461 0.000447743456707 0.000447743456707 0.00919334875116 0.0515883977263 0.108943834476 0.577653723592 1.3062547375 2.67229959461
275 2475 0.0202749278441 2.56118495895 0.000438973629317 0.000438973629317 0.00919774856825 0.0496819999351 0.108008976416 0.563293097595 1.29804443831 2.56118495895
276 2484 0.0186959124393 2.51901083561 0.000431426104155 0.000431426104155 0.00930120781886 0.0488145581151 0.1023941679 0.569295651105 1.24834687844 2.51901083561
277 2493 0.0197327880284 2.45187824545 0.000417295089089 0.000417295089089 0.0093048577268 0.0474419718606 0.100446709931 0.602055179477 1.2108315085 2.45187824545
278 2502 0.0201344141771 2.45486752916 0.000419704893328 0.000419704893328 0.00922455790902 0.0487078324845 0.098403701312 0.609135352392 1.17754853519 2.45486752916
279 2511 0.0217944895978 2.40164033591 0.000416801553696 0.000416801553696 0.0092812166337 0.0474796350754 0.096661088343 0.642674051446 1.15491647952 2.40164033591
280 2520 0.0196089200184 2.41521354685 0.000400436429668 0.000400436429668 0.00908540437788 0.046589022266 0.0920965895301 0.719880585962 1.13181602485 2.41521354685
281 2529 0.0183442206503 2.46073369663 0.000383643614221 0.000383643614221 0.00890881334575 0.0452157507947 0.089402836297 0.730412448927 1.12140009598 2.46073369663
282 2538 0.0160186630129 2.3950912002 0.000368427749878 0.000368427749878 0.00876924744974 0.0451650781349 0.0878869609197 0.734431384114 1.11293538688 2.3950912002
283 2547 0.0148692610867 2.32182068879 0.000357358426819 0.000357358426819 0.00875770369944 0.0437915296817 0.0860691724205 0.714905114858 1.11651153577 2.32182068879
284 2556 0.0150561149069 2.25544389959 0.000347474553171 0.000347474553171 0.00862515454415 0.042691656155 0.0822055483368 0.74137860304 1.10223405974 2.25544389959
285 2565 0.0132911204661 2.24100249103 0.00035696995741 0.00035696995741 0.00843338971088 0.0413973844576 0.0798475755971 0.734979382331 1.16953008758 2.24100249103
286 2574 0.013435057719 2.19036099154 0.000345870165261 0.000345870165261 0.00837428612212 0.0393051921208 0.0784404082652 0.72293840262 1.17111564232 2.19036099154
287 2583 0.013328763329 2.14830050458 0.000352770712528 0.000352770712528 0.00803517644787 0.0397113966649 0.0768741634341 0.717498900447 1.19161294021 2.14830050458
288 2592 0.0121651689276 2.07205179201 0.000342535004566 0.000342535004566 0.00800443958267 0.0399217650809 0.0754995416695 0.730301094025 1.14520835331 2.07205179201
289 2601 0.0129115220513 2.04045127703 0.000332652305255 0.000332652305255 0.00798191462193 0.0389015111933 0.0728488777333 0.709528133261 1.1103471548 2.04045127703
290 2610 0.0144575536337 2.07443540211 0.000332492215582 0.000332492215582 0.00797391326414 0.0379530244317 0.0740927836917 0.721453266009 1.09290759823 2.07443540211
291 2619 0.0138530182124 2.06969788155 0.000318156381433 0.000318156381433 0.00808476041151 0.0373306310981 0.0800347518147 0.707773823543 1.09861223711 2.06969788155
292 2628 0.0129519627301 2.02914421332 0.000299463977728 0.000299463977728 0.00828440167697 0.036610650611 0.0801341368736 0.701031993368 1.07769300377 2.02914421332
293 2637 0.0121322786258 2.04766562158 0.000296258108112 0.000296258108112 0.00804321097577 0.0364569155994 0.0800368869975 0.675727459489 1.06289340652 2.04766562158
294 2646 0.0112461919401 2.04879280801 0.000282147779284 0.000282147779284 0.00781381756584 0.0358089539083 0.0818003950687 0.679198430875 1.04228940802 2.04879280801
295 2655 0.0103212219748 2.05868246048 0.000270828106633 0.000270828106633 0.00746357045725 0.0357741216889 0.0817501877548 0.691062742576 1.02485956915 2.05868246048
296 2664 0.00928006167794 1.97395927853 0.000267018216403 0.000267018216403 0.00742564651188 0.0357419718968 0.0804481681335 0.688588940589 1.00791955446 1.97395927853
297 2673 0.00854126971261 1.9079204248 0.000262864704206 0.000262864704206 0.00736011239155 0.0350009198178 0.0792110233041 0.681783046731 1.00186877168 1.9079204248
298 2682 0.00778250873531 1.83395773238 0.00024746761744 0.00024746761744 0.00720724321368 0.0354393523633 0.0787334967092 0.673563110451 0.998638282043 1.83395773238
299 2691 0.00777645888426 1.81599160722 0.000244662085019 0.000244662085019 0.00696476085347 0.0341521081042 0.0824548827133 0.673603211084 0.980270827877 1.81599160722
300 2700 0.00749192352602 1.91033189419 0.000245662087842 0.000245662087842 0.00689037673409 0.0337125171146 0.086069365364 0.641084280303 0.958421574563 1.91033189419
301 2709 0.00696874464437 1.90190468882 0.000248809118197 0.000248809118197 0.00697616901385 0.0330306828903 0.0844809129478 0.632245760772 0.924984097366 1.90190468882
302 2718 0.00640893717836 1.90001733032 0.000235007984289 0.000235007984289 0.00705301034778 0.0329620445964 0.0825464778746 0.630567568218 0.892430888044 1.90001733032
303 2727 0.0064467603991 1.86037768789 0.000224600581131 0.000224600581131 0.00712699296164 0.0317673460039 0.081185319113 0.635353381822 0.892953775103 1.86037768789
304 2736 0.00591476530835 1.85611457113 0.000216929961315 0.000216929961315 0.00677897817625 0.0332399304592 0.0813028392854 0.623350381429 0.904384179828 1.85611457113
305 2745 0.00556859403663 1.87459722231 0.000211262210813 0.000211262210813 0.0067635200352 0.0324387799442 0.0807974789084 0.620398807112 0.870348826892 1.87459722231
306 2754 0.00578282906925 1.88405929986 0.000200862251856 0.000200862251856 0.00664234897205 0.0321127044144 0.0803657857973 0.626153141397 0.883290605069 1.88405929986
307 2763 0.00601800988315 1.88064933243 0.000186853245379 0.000186853245379 0.00644835595059 0.0320109184849 0.0843284500591 0.63383742294 0.894803132736 1.88064933243
308 2772 0.00645601663693 1.83474683774 0.000178780294157 0.000178780294157 0.00633031415347 0.0335084572183 0.083209586673 0.652373930274 0.886683549981 1.83474683774
309 2781 0.00641737601362 1.7799317061 0.000173854645004 0.000173854645004 0.00627874621085 0.0342944897549 0.0855824243523 0.663198647786 0.875075443076 1.7799317061
310 2790 0.00572387767042 1.82499228651 0.000171145288375 0.000171145288375 0.0060195083563 0.0351449239745 0.0842079846679 0.658081519107 0.866034985534 1.82499228651
311 2799 0.00556416732224 1.79323914313 0.000167141377274 0.000167141377274 0.0060412357526 0.0337530499746 0.0824413068244 0.651361919345 0.835713015433 1.79323914313
312 2808 0.00486935732332 1.77706528798 0.000160338455002 0.000160338455002 0.00588020262756 0.0344610497849 0.0851786446475 0.637388128483 0.851738441108 1.77706528798
313 2817 0.00446643619217 1.76683856296 0.00014979351541 0.00014979351541 0.00584327428326 0.0337919025341 0.0852805601078 0.62579752152 0.835670621967 1.76683856296
314 2826 0.00413114326233 1.79251816595 0.000146392248223 0.000146392248223 0.00582405628045 0.0333664057603 0.0825831476795 0.619518742164 0.804477169479 1.79251816595
315 2835 0.00376408373705 1.82384399898 0.000141016236378 0.000141016236378 0.00586055174904 0.0321624889318 0.0822947256596 0.619570367903 0.775835403761 1.82384399898
316 2844 0.00358998128324 1.81330191793 0.000135291723042 0.000135291723042 0.00584880629299 0.03154302471 0.0814174170201 0.603033998232 0.780684330248 1.81330191793
317 2853 0.00316868626795 1.79656760076 0.000130696815882 0.000130696815882 0.00584348030003 0.0304972136149 0.079377377313 0.606235259073 0.765195661673 1.79656760076
318 2862 0.00278828737432 1.75817034405 0.000124343777586 0.000124343777586 0.00582080721431 0.030444089779 0.0793346094748 0.5970018016 0.780875037027 1.75817034405
319 2871 0.00267549985239 1.74561239899 0.000120225044142 0.000120225044142 0.00568741279886 0.0299783777017 0.0799116836135 0.586242394518 0.77097169894 1.74561239899
320 2880 0.0025702293726 1.72344806293 0.000116094640995 0.000116094640995 0.00559549237367 0.0304541901757 0.0783229037998 0.61080457567 0.765972127852 1.72344806293
321 2889 0.00258978301017 1.7049061486 0.000112038209885 0.000112038209885 0.00541448219269 0.0303092570563 0.077182331246 0.611793062009 0.765838936357 1.7049061486
322 2898 0.00270263057076 1.70851699888 0.000107963310429 0.000107963310429 0.00528513543656 0.0293065152448 0.0753628789141 0.647310684252 0.800228981576 1.70851699888
323 2907 0.00311547557389 1.6812105926 0.000103938311543 0.000103938311543 0.00516613734814 0.0286494103684 0.0735208627805 0.659099558961 0.81547376226 1.6812105926
324 2916 0.00332054336684 1.72252319053 0.000100789403607 0.000100789403607 0.00497946878175 0.0285180016859 0.0723150967494 0.702932462124 0.862628506719 1.72252319053
325 2925 0.00335042240833 1.67108381669 9.78970998286e-05 9.78970998286e-05 0.00482420408095 0.0283230022135 0.0742022921485 0.698479626726 0.876131049754 1.67108381669
326 2934 0.00334964337109 1.6457431508 9.39011804601e-05 9.39011804601e-05 0.00473001070768 0.0273980460792 0.0751279167736 0.682666547187 0.899332446103 1.6457431508
327 2943 0.00291285804201 1.6367618186 9.07751296578e-05 9.07751296578e-05 0.00450016187915 0.0276659888002 0.07549300975 0.693317260149 0.911836591075 1.6367618186
328 2952 0.00288136531546 1.59900268111 8.76700674209e-05 8.76700674209e-05 0.00436054990823 0.0272931116002 0.0744673715749 0.6855110676 0.90394097519 1.59900268111
329 2961 0.00293731195136 1.60861857259 8.40151554458e-05 8.40151554458e-05 0.00439088892182 0.0267409440286 0.0759082410375 0.687163316875 0.940478757677 1.60861857259
330 2970 0.0027707023453 1.5999306371 8.22962066667e-05 8.22962066667e-05 0.0043954961529 0.025424953444 0.0808442619253 0.688429766441 0.949499807275 1.5999306371
331 2979 0.00311959781001 1.58901305801 7.9050786052e-05 7.9050786052e-05 0.00419268857363 0.0248152929768 0.0823434350131 0.668662911384 0.936440367165 1.58901305801
332 2988 0.0030861732565 1.69491161456 7.55725468433e-05 7.55725468433e-05 0.00428060629689 0.0266465805573 0.0798086365249 0.680403672246 0.928309055671 1.69491161456
333 2997 0.00344758329476 1.79455228359 7.29557857847e-05 7.29557857847e-05 0.00427028381472 0.0267008880993 0.0825765367609 0.706816106557 0.905177603573 1.79455228359
334 3006 0.0033181468362 1.77636178767 7.11133127425e-05 7.11133127425e-05 0.00432757576536 0.0255644038867 0.0930827679072 0.675795451358 0.889513812094 1.77636178767
335 3015 0.00315959348717 1.73533253407 6.92614570542e-05 6.92614570542e-05 0.00424714289536 0.0256810294195 0.0909355416503 0.66016008329 0.873506588469 1.73533253407
336 3024 0.00270887083395 1.74765576381 6.79628023204e-05 6.79628023204e-05 0.00410999580574 0.0258568506105 0.0860420071115 0.651527049392 0.86548695588 1.74765576381
337 3033 0.00268817242975 1.71541765962 6.6454323103e-05 6.6454323103e-05 0.0039757667217 0.0249026119352 0.0870588007175 0.632702795598 0.863677701021 1.71541765962
338 3042 0.0022918907155 1.68854255404 6.43072353519e-05 6.43072353519e-05 0.00384734112058 0.0241237541176 0.0842843918733 0.618928481309 0.950332868333 1.68854255404
339 3051 0.0020652244246 1.67572001932 6.09675368957e-05 6.09675368957e-05 0.00380784620187 0.023584922645 0.0835031968288 0.613561651298 0.928582617794 1.67572001932
340 3060 0.00185461761323 1.64431068687 5.88477869928e-05 5.88477869928e-05 0.00377511377344 0.0233919489654 0.0828162147134 0.601626837833 0.907466198826 1.64431068687
341 3069 0.00191480678961 1.58346188883 5.71485587134e-05 5.71485587134e-05 0.00377310404023 0.0226805634477 0.0836088925055 0.601840137019 0.893853131408 1.58346188883
342 3078 0.00194172175665 1.52612757347 5.44028849336e-05 5.44028849336e-05 0.00371989012001 0.0221014907963 0.0890172487207 0.594459968298 0.945825831683 1.52612757347
343 3087 0.00179205024999 1.51567735196 5.03520846521e-05 5.03520846521e-05 0.00369337209091 0.0222707811662 0.0880518674327 0.595802205126 0.970936456049 1.51567735196
344 3096 0.00172673448186 1.55532461287 4.75642505636e-05 4.75642505636e-05 0.00364199011603 0.021769197973 0.0861766279343 0.607307190057 0.984086809788 1.55532461287
345 3105 0.00158279151129 1.50292907308 4.74307202689e-05 4.74307202689e-05 0.00353155598995 0.021543382604 0.0879093804889 0.605882888089 0.977764033522 1.50292907308
346 3114 0.00149106580357 1.44771963611 4.62755753695e-05 4.62755753695e-05 0.00353667968762 0.021367125343 0.0888424935094 0.585544979294 0.990941811022 1.44771963611
347 3123 0.00137729079778 1.41669632825 4.44575566172e-05 4.44575566172e-05 0.00343200123523 0.021196075035 0.0874690404904 0.585322406574 0.976273903566 1.41669632825
348 3132 0.0013613541279 1.3815933665 4.16579638383e-05 4.16579638383e-05 0.00336703320537 0.0205000099144 0.0916867755298 0.586269135311 0.97641005306 1.3815933665
349 3141 0.00123196254456 1.38524410683 3.96647369168e-05 3.96647369168e-05 0.00333854725491 0.0202034938606 0.0901903991865 0.583756208494 1.02865060246 1.38524410683
350 3150 0.00117425460773 1.37297830111 3.8260138708e-05 3.8260138708e-05 0.00339092446907 0.0197849334148 0.0894917341324 0.566313095281 1.0719436414 1.37297830111
351 3159 0.00109877052618 1.3427243895 3.72412793491e-05 3.72412793491e-05 0.00334965574073 0.0196469669569 0.0918559043152 0.545836111659 1.05374402561 1.3427243895
352 3168 0.00103400996541 1.34107861861 3.57484400461e-05 3.57484400461e-05 0.00328488513145 0.0198092080586 0.0909907465513 0.549859074231 1.01689752331 1.34107861861
353 3177 0.00104042959709 1.29948169787 3.47416581854e-05 3.47416581854e-05 0.00322421536429 0.0201209403379 0.0901267539872 0.551108001273 0.97380394305 1.29948169787
354 3186 0.000975943903604 1.30924377082 3.3600265802e-05 3.3600265802e-05 0.0031639649427 0.0209631215913 0.0883609674334 0.55384586004 0.977997176268 1.30924377082
355 3195 0.000849083466244 1.37003361463 3.25783699194e-05 3.25783699194e-05 0.00315137367052 0.0207872485082 0.0854855666951 0.553217286935 0.96583085358 1.37003361463
356 3204 0.000840533323942 1.3587428866 3.13758746084e-05 3.13758746084e-05 0.00303003410825 0.020678804884 0.0866432855232 0.546820564407 0.919289881934 1.3587428866
357 3213 0.000842368371667 1.370124297 2.81653489608e-05 2.81653489608e-05 0.00305900521657 0.0211624255392 0.0866969877991 0.547788304309 0.950291685571 1.370124297
358 3222 0.000833295800972 1.35915348801 2.75658482337e-05 2.75658482337e-05 0.00304634894897 0.0216364227051 0.0846205197561 0.539593662575 0.954643936191 1.35915348801
359 3231 0.000778397547141 1.37960273528 2.63615057849e-05 2.63615057849e-05 0.00313208760271 0.0218475905994 0.0832381990654 0.540421984253 0.977296042483 1.37960273528
360 3240 0.00078036225373 1.3602885988 2.58054057482e-05 2.58054057482e-05 0.00308485065408 0.0219789721189 0.0806441278147 0.568063090656 0.932755228798 1.3602885988
361 3249 0.000796697357084 1.37710793911 2.483715162e-05 2.483715162e-05 0.00314056043629 0.0218933076053 0.0859367615075 0.563676609727 0.907839762335 1.37710793911
362 3258 0.000802443029548 1.36996078593 2.4281950297e-05 2.4281950297e-05 0.00314825912685 0.0223893244786 0.0833197582045 0.576017319009 0.901394797554 1.36996078593
363 3267 0.000798086599054 1.38821423047 2.31392827353e-05 2.31392827353e-05 0.00307417222523 0.0222163448316 0.0852754667144 0.597895475541 0.889882618556 1.38821423047
364 3276 0.000702076889703 1.35228373367 2.24451384771e-05 2.24451384771e-05 0.0030399900881 0.0227015132641 0.0830406534788 0.609442637797 0.849756159292 1.35228373367
365 3285 0.000691168195391 1.33615800285 2.17461827247e-05 2.17461827247e-05 0.0029433196721 0.0222383527063 0.0823878792995 0.596495357418 0.836738591692 1.33615800285
366 3294 0.000718931685129 1.32178466953 2.06693248151e-05 2.06693248151e-05 0.0029269509241 0.0223530730599 0.081892238786 0.615649457465 0.865960344724 1.32178466953
367 3303 0.000678302794646 1.34348907334 1.98182846854e-05 1.98182846854e-05 0.00308384289254 0.0222194072674 0.0807664373299 0.611336719705 0.853701741025 1.34348907334
368 3312 0.000610484392974 1.31818142556 1.91791928477e-05 1.91791928477e-05 0.00300985611529 0.0225625191606 0.0776584276484 0.599172384298 0.848995745735 1.31818142556
369 3321 0.000540512540757 1.33331735007 1.78587404578e-05 1.78587404578e-05 0.00297774960726 0.0221862677854 0.0761321535334 0.592765493994 0.82911718687 1.33331735007
370 3330 0.000546617265193 1.30832638192 1.74291047521e-05 1.74291047521e-05 0.002905768183 0.0212333118187 0.077841117045 0.587558359227 0.834089065114 1.30832638192
371 3339 0.000502882058746 1.28518567762 1.68942815759e-05 1.68942815759e-05 0.00283800082439 0.0207085113886 0.0794948781146 0.577433947402 0.847086515069 1.28518567762
372 3348 0.000444432740134 1.28306912256 1.65356508703e-05 1.65356508703e-05 0.00279703630356 0.02043108337 0.0789768724947 0.557023179968 0.851355117927 1.28306912256
373 3357 0.00043351166872 1.25848211207 1.6189389538e-05 1.6189389538e-05 0.00275051025709 0.0201239056529 0.0761999640578 0.554268483279 0.802571585885 1.25848211207
374 3366 0.000393118128342 1.21420107278 1.54814832166e-05 1.54814832166e-05 0.00272003293429 0.0203745594045 0.0743288781023 0.553023713204 0.843973130243 1.21420107278
375 3375 0.000388532299864 1.15659737463 1.51930696038e-05 1.51930696038e-05 0.00272608081362 0.0202987545376 0.0708461190195 0.547365601151 0.830373913522 1.15659737463
376 3384 0.000395316243865 1.11697911384 1.46461829804e-05 1.46461829804e-05 0.00272067722683 0.0195640767988 0.0722813194149 0.570915496321 0.815369308176 1.11697911384
377 3393 0.00037317345302 1.1135986435 1.44344152071e-05 1.44344152071e-05 0.00273244908466 0.0192643322827 0.0727724774083 0.546377293471 0.817482469165 1.1135986435
378 3402 0.0003415197867 1.11734518217 1.3826470709e-05 1.3826470709e-05 0.0026636727787 0.0191580569139 0.0728980745449 0.538279886626 0.803548641006 1.11734518217
379 3411 0.000326045861548 1.10518585444 1.351515934e-05 1.351515934e-05 0.00261360733894 0.0187316908809 0.0728829020664 0.545930517027 0.765064790002 1.10518585444
380 3420 0.000297559087382 1.07706672185 1.28656209389e-05 1.28656209389e-05 0.00265660023905 0.0187169415416 0.0727448113573 0.546230333464 0.760559558527 1.07706672185
381 3429 0.000278536102195 1.06178888652 1.22341736755e-05 1.22341736755e-05 0.00256035742127 0.0182381354327 0.0736529612277 0.53582460203 0.764809658345 1.06178888652
382 3438 0.000274001103391 1.02865358126 1.2011685794e-05 1.2011685794e-05 0.00247436368529 0.0180006940558 0.0734175014278 0.532643283535 0.779677262646 1.02865358126
383 3447 0.000279568844245 1.04413426854 1.15552225032e-05 1.15552225032e-05 0.00245916705511 0.0178096116675 0.0732098145004 0.521539284881 0.783503464812 1.04413426854
384 3456 0.000267986040473 1.02401832974 1.13630687655e-05 1.13630687655e-05 0.00235451014697 0.0191070378193 0.0745288063291 0.513548654586 0.776002098931 1.02401832974
385 3465 0.000236885398368 1.00424719642 1.08695817959e-05 1.08695817959e-05 0.00233507701689 0.0191280604202 0.0741157715337 0.506272487036 0.756401946127 1.00424719642
386 3474 0.000235855141826 0.988132499378 1.04890117652e-05 1.04890117652e-05 0.00228102993741 0.0193648808334 0.0732820269844 0.5010510418 0.749810866461 0.988132499378
387 3483 0.000226606754825 1.04189043785 9.93995144838e-06 9.93995144838e-06 0.00224898343458 0.0200051867208 0.0715906080166 0.49619798804 0.735872593947 1.04189043785
388 3492 0.000222005539557 1.02238175325 9.37094388158e-06 9.37094388158e-06 0.00233379398011 0.0206612277234 0.0711984775323 0.492804813611 0.721698217665 1.02238175325
389 3501 0.000210470658871 0.995631126204 9.17183129682e-06 9.17183129682e-06 0.002313096746 0.0206790431307 0.0754735408082 0.484120084045 0.720720940358 0.995631126204
390 3510 0.000204079609819 1.04404445581 8.90912630189e-06 8.90912630189e-06 0.00230968957051 0.0203780803093 0.073918986647 0.476686059958 0.687611569721 1.04404445581
391 3519 0.000175124376002 1.02849025246 8.48287116483e-06 8.48287116483e-06 0.00223452962601 0.0202872683572 0.0793028224635 0.471520914678 0.681963332717 1.02849025246
392 3528 0.000158697895173 1.00957658418 7.91262310205e-06 7.91262310205e-06 0.00222020642239 0.0197673059377 0.0797431647126 0.460109756813 0.677169437619 1.00957658418
393 3537 0.000155787739505 0.993359686509 7.61328855263e-06 7.61328855263e-06 0.00216128419318 0.0197112400567 0.0813750211922 0.450428514712 0.660008983911 0.993359686509
394 3546 0.000154571788306 0.9712546289 7.54608261524e-06 7.54608261524e-06 0.00209045781563 0.0201570795351 0.0801115758756 0.438415317642 0.671120189059 0.9712546289
395 3555 0.000154250910949 0.962401608418 7.30309725013e-06 7.30309725013e-06 0.00204800224355 0.0204795280296 0.0803270976882 0.436260381913 0.670049914652 0.962401608418
396 3564 0.000155363895475 0.9497060985 7.0512019936e-06 7.0512019936e-06 0.00203348649046 0.0208032630902 0.0767533304404 0.451687719337 0.653612244156 0.9497060985
397 3573 0.000148903682128 0.962641690108 6.87704140697e-06 6.87704140697e-06 0.00197737559422 0.0220168116203 0.0759220799411 0.441384330863 0.661610208993 0.962641690108
398 3582 0.000134834398457 0.968685606838 6.48694997052e-06 6.48694997052e-06 0.00194685570544 0.0216472650977 0.0749878055392 0.445639623707 0.657121004818 0.968685606838
399 3591 0.000120012970752 0.974569050865 6.31819855818e-06 6.31819855818e-06 0.00186446880183 0.0211831575178 0.0715340778047 0.436928365012 0.656413683351 0.974569050865
400 3600 0.000108318730574 0.953104981905 6.14764113718e-06 6.14764113718e-06 0.00181868726877 0.0211098164086 0.069894378393 0.42623003133 0.644727799474 0.953104981905
401 3609 8.9497364418e-05 0.926278041515 5.87863698885e-06 5.87863698885e-06 0.00184508427307 0.0203715726668 0.0697177260356 0.420818614473 0.627448638235 0.926278041515
402 3618 8.65198170175e-05 0.895847577139 5.53544198828e-06 5.53544198828e-06 0.00185110928409 0.0197318536496 0.0687719765201 0.41378579256 0.62005568684 0.895847577139
403 3627 8.04761098693e-05 0.906827532752 5.15854433387e-06 5.15854433387e-06 0.0018788149855 0.0197460737701 0.067651006819 0.413082546861 0.62873060498 0.906827532752
404 3636 8.16918009146e-05 0.885760942062 4.92053916792e-06 4.92053916792e-06 0.0018683970808 0.0203987866078 0.0667858776671 0.409847970486 0.620047022495 0.885760942062
405 3645 6.92746804386e-05 0.983610747997 4.69423743551e-06 4.69423743551e-06 0.00184836010999 0.0200706444536 0.0647521521054 0.39900694339 0.608694687904 0.983610747997
406 3654 6.94483645093e-05 0.982889881105 4.47133310576e-06 4.47133310576e-06 0.00181372860419 0.0207862691437 0.064609320659 0.390040322429 0.592769142745 0.982889881105
407 3663 6.84367881542e-05 1.08345472012 4.27712839337e-06 4.27712839337e-06 0.00182290145273 0.0205177806734 0.0627898744031 0.386996356382 0.578938572709 1.08345472012
408 3672 6.92988155897e-05 1.11455110947 4.0578809174e-06 4.0578809174e-06 0.00186737381612 0.0204899711374 0.0628786257931 0.395586482161 0.571611306862 1.11455110947
409 3681 6.53397167055e-05 1.14475701973 3.80817828094e-06 3.80817828094e-06 0.0018257088643 0.0210361678667 0.0624686017711 0.395076899208 0.570296516157 1.14475701973
410 3690 6.20409525363e-05 1.13496535633 3.60228049669e-06 3.60228049669e-06 0.00190031198467 0.020855027054 0.0600619176387 0.391054815901 0.564477217475 1.13496535633
411 3699 6.63665094671e-05 1.12065992402 3.42511473216e-06 3.42511473216e-06 0.00190150714537 0.0205437150588 0.0583268338386 0.388305284549 0.565854125868 1.12065992402
412 3708 6.71740748401e-05 1.16118390957 3.2930608956e-06 3.2930608956e-06 0.00183793345124 0.021155293127 0.058964840728 0.388106249366 0.569139540767 1.16118390957
413 3717 6.23141729322e-05 1.19462386823 3.17416461432e-06 3.17416461432e-06 0.0018041701906 0.0214839844604 0.0557618908224 0.395853955428 0.577652642024 1.19462386823
414 3726 6.34740511468e-05 1.20678445771 3.0244760542e-06 3.0244760542e-06 0.00172501410536 0.0213249242207 0.0557316060371 0.38960774908 0.572712970809 1.20678445771
415 3735 6.31602679123e-05 1.20413840061 2.81156067152e-06 2.81156067152e-06 0.00168623020548 0.0208347670235 0.0550318930828 0.404495592495 0.598028133921 1.20413840061
416 3744 6.39140209171e-05 1.23276191209 2.80958134631e-06 2.80958134631e-06 0.00167575058247 0.0206617463561 0.0535476079571 0.391795966405 0.587561445425 1.23276191209
417 3753 6.23386567763e-05 1.27885806217 2.74292086906e-06 2.74292086906e-06 0.00161955168383 0.0209170675456 0.0527643376966 0.392435488088 0.588683542965 1.27885806217
418 3762 5.46550801831e-05 1.27467361648 2.68794096393e-06 2.68794096393e-06 0.00159494241377 0.0218674698035 0.0506034883669 0.389086997072 0.580193825687 1.27467361648
419 3771 4.97014518833e-05 1.21574466876 2.60022723879e-06 2.60022723879e-06 0.00156691284292 0.0214725894525 0.0505518468636 0.388412487045 0.570809551881 1.21574466876
420 3780 5.08792642638e-05 1.20255134041 2.5025601753e-06 2.5025601753e-06 0.00155103547491 0.0208401923855 0.0504834351268 0.386738094194 0.567823099223 1.20255134041
421 3789 4.70571077032e-05 1.17922366315 2.46257726272e-06 2.46257726272e-06 0.00156909172333 0.0200286181367 0.051652905324 0.420234547821 0.554727760727 1.17922366315
422 3798 4.86823882685e-05 1.15261036394 2.33137912365e-06 2.33137912365e-06 0.00154177397505 0.0203235910477 0.0515867798486 0.41446945972 0.537134626812 1.15261036394
423 3807 4.91853907429e-05 1.13484029133 2.24082286441e-06 2.24082286441e-06 0.00158018388379 0.0198569445669 0.0500175699722 0.441240118703 0.530010768775 1.13484029133
424 3816 5.19982626929e-05 1.14737567091 2.12060861778e-06 2.12060861778e-06 0.00167313712214 0.0195267338804 0.0493011624095 0.450695124711 0.52380645013 1.14737567091
425 3825 4.82941980447e-05 1.16679008301 2.05115756219e-06 2.05115756219e-06 0.0017301943413 0.0195234371311 0.0494183378771 0.439703852234 0.513410878925 1.16679008301
426 3834 4.77113499371e-05 1.15894154976 1.95958328777e-06 1.95958328777e-06 0.00169016815169 0.0191302734476 0.0489307034219 0.428909719101 0.504214642417 1.15894154976
427 3843 4.92390288466e-05 1.11479668412 1.91913954591e-06 1.91913954591e-06 0.00163944417408 0.0186711646133 0.0482376922324 0.446496781227 0.496025433381 1.11479668412
428 3852 4.88101982984e-05 1.10940741514 1.86676501433e-06 1.86676501433e-06 0.00166868993763 0.0187629710015 0.0484821641317 0.436839645253 0.488732198301 1.10940741514
429 3861 5.17584182047e-05 1.12355378536 1.76601713606e-06 1.76601713606e-06 0.00168608627841 0.018896933153 0.0486411025552 0.429661579623 0.467757520328 1.12355378536
430 3870 5.20034883293e-05 1.10043449436 1.73422867393e-06 1.73422867393e-06 0.00180804870133 0.0188504822486 0.0476764619827 0.412438158137 0.463349045582 1.10043449436
431 3879 4.88767083226e-05 1.1656625204 1.66299229505e-06 1.66299229505e-06 0.00182735142733 0.0193415820721 0.0477679737177 0.397984638443 0.446198940913 1.1656625204
432 3888 4.48841743628e-05 1.13789218978 1.59929676501e-06 1.59929676501e-06 0.00188737836346 0.0192971519704 0.046808275159 0.391230069612 0.433588786229 1.13789218978
433 3897 3.99129612946e-05 1.12233513471 1.47968029356e-06 1.47968029356e-06 0.0018556270666 0.0194396865027 0.046782364922 0.379718671173 0.427959184682 1.12233513471
434 3906 3.5979634788e-05 1.12749433037 1.42759429409e-06 1.42759429409e-06 0.00179926402116 0.0192421414887 0.0446461539585 0.383804410416 0.42419483801 1.12749433037
435 3915 3.52935096284e-05 1.10808390281 1.33449473355e-06 1.33449473355e-06 0.00175975472402 0.0194155362166 0.0450302496271 0.378915938753 0.411681123254 1.10808390281
436 3924 3.39576824023e-05 1.15194666792 1.28154685556e-06 1.28154685556e-06 0.00170976037002 0.0192729783085 0.0444030330016 0.383918625486 0.405236466605 1.15194666792
437 3933 3.38088170674e-05 1.14692980065 1.23056780445e-06 1.23056780445e-06 0.00166996606706 0.0202626151487 0.0439558259336 0.369614123428 0.417998320768 1.14692980065
438 3942 3.60491609153e-05 1.15522648555 1.18533389917e-06 1.18533389917e-06 0.00170326331437 0.0213023973893 0.0433269993963 0.359585856883 0.417332093115 1.15522648555
439 3951 3.63541757605e-05 1.14931598744 1.16057108143e-06 1.16057108143e-06 0.0017008036391 0.0209828314208 0.0434058239873 0.337236162469 0.438105121247 1.14931598744
440 3960 3.62973773262e-05 1.13482273369 1.13438493427e-06 1.13438493427e-06 0.00166190462278 0.0210395957853 0.0435926495628 0.333168232033 0.435367553426 1.13482273369
441 3969 3.47169294063e-05 1.11922092303 1.12742446033e-06 1.12742446033e-06 0.00163313021704 0.0204813537075 0.044387672635 0.318743704897 0.446445121166 1.11922092303
442 3978 3.36646906272e-05 1.10229937138 1.09800052434e-06 1.09800052434e-06 0.00167338966155 0.0204072697629 0.0425227631159 0.317083952363 0.437572130914 1.10229937138
443 3987 3.0797188034e-05 1.13013544819 1.03075059788e-06 1.03075059788e-06 0.00167009064303 0.0195319934722 0.0418304171628 0.320638984471 0.431675532986 1.13013544819
444 3996 2.86927321752e-05 1.11146588511 9.95090883287e-07 9.95090883287e-07 0.00167814574678 0.0190846586554 0.0411934795265 0.318876444244 0.413124996026 1.11146588511
445 4005 2.54625219687e-05 1.10349394565 9.35356839322e-07 9.35356839322e-07 0.00166389040437 0.0188351664447 0.0401390033365 0.316847062846 0.417550731092 1.10349394565
446 4014 2.54166215931e-05 1.11769418434 9.03310255826e-07 9.03310255826e-07 0.00163867103313 0.0186504583138 0.0393209120692 0.308090149095 0.402076742082 1.11769418434
447 4023 2.56432685152e-05 1.16832396699 9.19041580922e-07 9.19041580922e-07 0.0016017889273 0.0184944197768 0.0385207227443 0.323809411532 0.395898886326 1.16832396699
448 4032 2.46445124502e-05 1.1505123362 8.96601791906e-07 8.96601791906e-07 0.00159800458328 0.0177174353888 0.0378980559697 0.322596531098 0.413878585784 1.1505123362
449 4041 2.40128601648e-05 1.16186179313 8.68105943504e-07 8.68105943504e-07 0.00155782972315 0.017477979262 0.0370452286399 0.328975108889 0.414331128907 1.16186179313
450 4050 2.24669647734e-05 1.1753771273 8.18065047221e-07 8.18065047221e-07 0.00153142606006 0.0173824997951 0.0361861573178 0.332625171156 0.411168567586 1.1753771273
451 4059 2.47597021193e-05 1.19917704804 7.89406814487e-07 7.89406814487e-07 0.00152482648375 0.0171280692841 0.0363099195035 0.328303039707 0.411413652512 1.19917704804
452 4068 2.93854218243e-05 1.30545302794 7.75216135657e-07 7.75216135657e-07 0.0015066366232 0.0170634938099 0.0362312440498 0.329971988993 0.406531472317 1.30545302794
453 4077 3.0945045789e-05 1.40245617782 7.37906858044e-07 7.37906858044e-07 0.00145792123755 0.0174145928587 0.0374338664127 0.334930328086 0.419200505895 1.40245617782
454 4086 2.52280902971e-05 1.40608449835 7.0056051628e-07 7.0056051628e-07 0.00155523945832 0.0174504699749 0.0366689231703 0.331022929544 0.412891425164 1.40608449835
455 4095 2.48151394359e-05 1.37753941022 6.89246003705e-07 6.89246003705e-07 0.00153164252178 0.0172334019992 0.0362304088352 0.319977489586 0.394347299543 1.37753941022
456 4104 2.62348306864e-05 1.40706692635 6.73285431043e-07 6.73285431043e-07 0.0015269218534 0.016641703015 0.0360926271155 0.340176024615 0.389729646772 1.40706692635
457 4113 2.82874182193e-05 1.41748889995 6.51071115411e-07 6.51071115411e-07 0.00149849718449 0.0162859364033 0.0366543012502 0.366120577694 0.393218735045 1.41748889995
458 4122 3.70855876643e-05 1.38873145951 6.08704667416e-07 6.08704667416e-07 0.00154943353929 0.0160641553908 0.0361108756137 0.364941189834 0.415945456627 1.38873145951
459 4131 4.18296686686e-05 1.36056949948 5.79312268643e-07 5.79312268643e-07 0.0015632934914 0.0160343345883 0.0350968400803 0.367214240969 0.469320636418 1.36056949948
460 4140 4.54482006349e-05 1.32522351174 5.70510834875e-07 5.70510834875e-07 0.00153706381142 0.0156772789523 0.0349545361134 0.361908765189 0.474328740978 1.32522351174
461 4149 3.89004493543e-05 1.37482939712 5.61739995389e-07 5.61739995389e-07 0.00155823950955 0.0154723055748 0.0332846788937 0.360043342779 0.480184724925 1.37482939712
462 4158 3.44967606113e-05 1.35919389958 5.49877429579e-07 5.49877429579e-07 0.00151762054158 0.0151145417084 0.0326949235489 0.354489451529 0.46386853412 1.35919389958
463 4167 3.23318916803e-05 1.35735685953 5.34238646948e-07 5.34238646948e-07 0.00148239638248 0.0146963015592 0.0324726998933 0.350973707414 0.477924701787 1.35735685953
464 4176 3.09066312178e-05 1.35625225619 5.17122319073e-07 5.17122319073e-07 0.00147368748649 0.0143780359984 0.0313075531564 0.340935096641 0.486954963241 1.35625225619
465 4185 2.95803150881e-05 1.37371280457 4.98001975852e-07 4.98001975852e-07 0.00146579694669 0.0141078796873 0.0305096764559 0.338191925769 0.480394766135 1.37371280457
466 4194 2.6245920344e-05 1.3763667542 4.78550472607e-07 4.78550472607e-07 0.00144986359444 0.0136950286364 0.030765296757 0.327224441586 0.481537588244 1.3763667542
467 4203 2.99128895528e-05 1.35678821256 4.56468984335e-07 4.56468984335e-07 0.00138394211426 0.013630384919 0.0303939501129 0.329347978561 0.473038230297 1.35678821256
468 4212 2.98803260605e-05 1.34601566178 4.43421154203e-07 4.43421154203e-07 0.00155395350421 0.0134075264935 0.0303958391539 0.323424939736 0.482501460032 1.34601566178
469 4221 2.8699733449e-05 1.40950305409 4.29281371173e-07 4.29281371173e-07 0.00151245375733 0.0132551022713 0.0301123866196 0.312585640197 0.489395445613 1.40950305409
470 4230 2.79237073606e-05 1.41136007867 4.14178814528e-07 4.14178814528e-07 0.00150129225391 0.0135046586826 0.0292003008491 0.308029435621 0.486891325772 1.41136007867
471 4239 2.85599053629e-05 1.44418187883 3.85717794507e-07 3.85717794507e-07 0.00147279104036 0.0133197468031 0.0302007974093 0.303776441388 0.484801257009 1.44418187883
472 4248 2.71916083737e-05 1.44725298834 3.64324279224e-07 3.64324279224e-07 0.00147263210172 0.0131717189922 0.0303530836984 0.307981696236 0.478540864631 1.44725298834
473 4257 2.5867407762e-05 1.45956835979 3.49700857134e-07 3.49700857134e-07 0.00146931632648 0.012776931926 0.0313946210835 0.308665555403 0.47006728909 1.45956835979
474 4266 2.52660154786e-05 1.43820375478 3.39866540548e-07 3.39866540548e-07 0.00143533574709 0.0124994488573 0.0313651143101 0.305800931044 0.466446023578 1.43820375478
475 4275 2.34126520346e-05 1.42106865263 3.26498765003e-07 3.26498765003e-07 0.0014135382679 0.0125647101043 0.030051746522 0.298279702778 0.499512871014 1.42106865263
476 4284 1.98624760559e-05 1.42082216844 3.12025632317e-07 3.12025632317e-07 0.00143012917269 0.012109057327 0.0289347466222 0.308411908646 0.490291493388 1.42082216844
477 4293 1.73378025935e-05 1.40326720454 3.02301537612e-07 3.02301537612e-07 0.00141291834146 0.0118891111932 0.028847480167 0.301161803158 0.478003235807 1.40326720454
478 4302 1.79300412528e-05 1.35456415211 2.92121415248e-07 2.92121415248e-07 0.00138942156543 0.0118412345001 0.0282552421889 0.290719950435 0.4745356499 1.35456415211
479 4311 1.74526847096e-05 1.30415422583 2.87925214942e-07 2.87925214942e-07 0.00146621261589 0.0119012692723 0.0281483947434 0.292206101404 0.463454960968 1.30415422583
480 4320 1.97631118439e-05 1.28136186291 2.75825542056e-07 2.75825542056e-07 0.00148382484729 0.0117042312386 0.0275581857144 0.297105879484 0.461408216424 1.28136186291
481 4329 1.85786079082e-05 1.33034566113 2.65579400992e-07 2.65579400992e-07 0.00159604884423 0.0113693566976 0.0277625591152 0.296574996391 0.449445359647 1.33034566113
482 4338 2.10845007337e-05 1.30571415052 2.54985505369e-07 2.54985505369e-07 0.0016024810897 0.0110253274555 0.0275954602639 0.294440055507 0.441309325959 1.30571415052
483 4347 2.3870881437e-05 1.29596416738 2.48924258284e-07 2.48924258284e-07 0.00173495385308 0.0114312250762 0.0285159336928 0.287879304725 0.428972779648 1.29596416738
484 4356 2.15856305447e-05 1.23410812536 2.40202944012e-07 2.40202944012e-07 0.00180579449674 0.011765938612 0.0292700614373 0.282215893763 0.425953852069 1.23410812536
485 4365 2.21467913871e-05 1.22535124383 2.34269097692e-07 2.34269097692e-07 0.00171690827339 0.0113959800926 0.028883328537 0.276040006094 0.431967859352 1.22535124383
486 4374 1.99192858926e-05 1.21284255098 2.22367119393e-07 2.22367119393e-07 0.0017373592347 0.0112775104151 0.0297415829496 0.276291636646 0.425808216232 1.21284255098
487 4383 1.87489214188e-05 1.19046272584 2.14298983408e-07 2.14298983408e-07 0.00177770612289 0.011120494635 0.0298157757396 0.269592725308 0.42822052454 1.19046272584
488 4392 1.81809087042e-05 1.18459296511 2.06456853306e-07 2.06456853306e-07 0.00174150685915 0.010942164486 0.0302275612599 0.273140010212 0.424044526505 1.18459296511
489 4401 1.87507693438e-05 1.19914308693 1.98623833417e-07 1.98623833417e-07 0.0016739333808 0.0108714648571 0.0309065618859 0.267191199534 0.41844849952 1.19914308693
490 4410 2.13727799848e-05 1.20554694565 1.90184588663e-07 1.90184588663e-07 0.00166870172793 0.0106096014167 0.0302861120298 0.273075358841 0.429095262411 1.20554694565
491 4419 2.04857112632e-05 1.25621166156 1.77305059701e-07 1.77305059701e-07 0.00166540903734 0.0106304921667 0.0319650748251 0.27382897655 0.426663186881 1.25621166156
492 4428 1.89667104537e-05 1.206066983 1.7228774673e-07 1.7228774673e-07 0.00168174689785 0.0104264102707 0.0323608160778 0.272144741289 0.424275975154 1.206066983
493 4437 1.77871103632e-05 1.18372848156 1.64757873307e-07 1.64757873307e-07 0.00165300353619 0.0102937695612 0.0334909011425 0.269482710498 0.408338776695 1.18372848156
494 4446 1.78517030877e-05 1.18029181686 1.54792653196e-07 1.54792653196e-07 0.00159727050492 0.0102298582384 0.0330288521078 0.274424709196 0.408002828544 1.18029181686
495 4455 1.76335686466e-05 1.16389550498 1.44347205716e-07 1.44347205716e-07 0.00166987922914 0.00991522867085 0.0342349078827 0.277903584268 0.406843136751 1.16389550498
496 4464 1.66933571455e-05 1.20814001536 1.38990083837e-07 1.38990083837e-07 0.00167857020439 0.00976956912253 0.0352704646119 0.283627114686 0.387536735705 1.20814001536
497 4473 1.65864036569e-05 1.17184495911 1.35257883488e-07 1.35257883488e-07 0.00163188442648 0.010198480762 0.0350029884367 0.279701892437 0.384623642928 1.17184495911
498 4482 1.68074292511e-05 1.16653909197 1.30195224507e-07 1.30195224507e-07 0.00166548633042 0.0103853213889 0.0358460619471 0.278467249885 0.379798098475 1.16653909197
499 4491 1.77787924881e-05 1.18746794259 1.21791385473e-07 1.21791385473e-07 0.00175285796202 0.0102052254987 0.0354996580034 0.278046837801 0.368820649856 1.18746794259
500 4500 1.87516586614e-05 1.19218082264 1.21218149311e-07 1.21218149311e-07 0.00174908500667 0.0104332521184 0.0354835865999 0.276764856696 0.361373904921 1.19218082264
